Experiment Results
16.1280729771
13.1768782139
13.205933094
13.7303080559
12.2699029446
12.6398038864
15.4584650993
12.9223020077
12.3680951595
12.9084639549
12.8118212223
12.3512601852
13.1461529732
12.6944229603
12.332226038
12.4611580372
16.4311611652
12.9428861141
12.5750799179
12.883548975
12.8744549751
12.1342449188
12.7368950844
14.3441369534
12.6969928741
12.0473310947
12.7149119377
15.4806728363
12.6491589546
12.9600410461
12.9950470924
12.6775639057
12.9431040287
12.4843509197
12.7753400803
12.6063480377
12.1884250641
12.5541920662
12.294770956
12.4129500389
12.8374710083
12.4818148613
12.4793381691
13.1677899361
12.7002198696
15.6801450253
12.9859080315
14.4833528996
13.0829219818
13.1101288795
12.9409639835
12.3887040615
12.7960221767
12.9131140709
12.5543358326
14.2924830914
12.4489889145
12.9250178337
13.0406610966
13.083204031
12.7118601799
12.5716090202
12.392056942
12.9056499004
13.1765949726
12.3844342232
12.9774451256
12.3831310272
12.8079199791
12.5762209892
12.5082499981
15.0859558582
12.4475729465
11.9009160995
12.3055670261
15.3834781647
12.5780820847
12.8324780464
12.4550662041
12.8907978535
12.273815155
12.4334189892
12.6566939354
13.0930631161
13.3707129955
12.4036998749
12.8653080463
12.7662680149
12.7122340202
12.2632279396
12.2041909695
13.1742911339
12.7897069454
12.5687701702
12.7291328907
12.6681170464
12.2800149918
12.5572550297
12.0144410133
12.6838071346
13.1366209984
12.4073860645
12.611066103
13.0774450302
12.8708939552
14.6310279369
12.1251161098
12.11606884
13.9205629826
12.7102711201
12.3751020432
12.3388590813
12.8482410908
12.6342148781
12.5481228828
17.6914789677
13.9173519611
13.408105135
13.2817440033
12.3994519711
12.261136055
12.6728141308
12.7704200745
14.4930999279
13.6726639271
12.5441420078
14.6848020554
13.2950620651
13.0085999966
13.1329009533
12.7995100021
16.4531111717
13.0682621002
12.7922489643
16.5697860718
12.6557688713
13.2973968983
12.6726379395
12.7844839096
13.1966869831
15.0653870106
12.4029381275
13.0851500034
16.7558689117
12.5968379974
12.3711879253
12.7092859745
13.4710190296
12.4722299576
12.8810858727
15.3041849136
16.9012758732
13.0300760269
12.8927299976
13.3024249077
13.7006340027
15.7674558163
14.3145918846
13.2722320557
13.266559124
12.7997171879
12.9919018745
14.0083270073
13.1700930595
13.2624008656
13.1955900192
13.2804291248
14.0967409611
13.2076539993
12.588670969
12.5010089874
12.4533638954
12.6815099716
12.7435958385
12.2105610371
15.7310490608
13.0709290504
12.3913798332
18.4749410152
12.49716115
12.5088448524
12.7790670395
13.985033989
13.3761560917
14.8894019127
13.0849878788
12.5234050751
15.4484491348
12.4212369919
12.1671481133
11.9982228279
13.9545049667
13.798541069
13.1812400818
12.9198548794
12.6023499966
12.7210168839
12.5312108994
12.1008689404
12.5770859718
12.8116278648
14.6187591553
13.6331679821
13.4165329933
13.7530679703
13.31417799
14.4603631496
16.3249921799
12.9209928513
12.763572216
12.6502838135
13.4791281223
15.2413389683
12.5070180893
12.5372300148
12.7733080387
13.880161047
14.1644618511
14.3805959225
13.3012559414
13.5616719723
13.0861198902
20.0417411327
12.3697841167
14.8064329624
12.7720489502
12.5882821083
13.1469471455
12.3782820702
13.598732233
14.3708238602
13.7732801437
14.2923800945
15.9531121254
15.0843172073
14.1732749939
13.5047829151
14.389341116
13.8805778027
14.2601671219
13.4137759209
12.4626681805
12.8924839497
14.6754930019
13.1902000904
12.8712580204
12.6687719822
13.9362959862
12.9362199306
12.5882000923
12.7982339859
12.4524199963
12.5917510986
13.0039560795
13.2139878273
12.4467990398
12.8310470581
14.1571340561
15.7721810341
14.5040180683
13.3525321484
12.807723999
12.5704619884
12.9370708466
14.0986199379
15.0303239822
12.8830909729
12.5174160004
14.3645370007
14.7837488651
12.6064109802
12.7970900536
12.9417719841
12.9575650692
12.8495590687
12.6048560143
12.3678381443
13.5317468643
12.5597269535
14.7457051277
12.6122260094
13.079305172
12.7984671593
14.6932909489
18.8058209419
13.9563770294
12.3104150295
13.1791350842
14.1857969761
17.4639680386
13.0204489231
13.173571825
15.7212910652
12.6779811382
12.8220510483
12.9425568581
13.1887822151
12.7752649784
12.7789452076
13.3231909275
13.8067259789
13.111232996
15.3571958542
11.9684450626
16.2214791775
13.9911990166
13.5408070087
13.7326750755
12.8164699078
13.8559129238
12.9915499687
13.1684429646
13.2209379673
14.6996719837
13.6331069469
14.1163349152
12.4738810062
14.2560498714
13.1454279423
13.8195691109
12.1565821171
15.9414889812
12.2326610088
16.4823019505
13.2495200634
12.6079208851
13.6389620304
13.079583168
12.7420089245
12.9305839539
13.5161938667
13.1324908733
12.5752699375
12.5663061142
12.8834600449
13.6914100647
14.673612833
13.9968340397
12.961466074
17.0964519978
13.1942780018
12.1340620518
13.10100317
13.2597649097
15.0565600395
13.5283870697
12.4902181625
15.8696529865
13.5251731873
12.8378989697
12.6301920414
13.636286974
13.325095892
12.9618170261
18.0774838924
14.277684927
13.2067711353
12.681951046
12.8623421192
12.8264369965
13.6413121223
14.4336080551
12.7642550468
14.4193131924
13.8511099815
12.817002058
12.6778600216
13.9172410965
13.0683848858
12.4515669346
16.9330441952
12.3738780022
15.101252079
13.0391499996
13.2944669724
14.0414760113
13.1539080143
13.3044447899
12.4974918365
13.1665840149
13.0861029625
12.9874279499
13.1723608971
13.3154690266
12.7464649677
14.5284459591
12.9872128963
12.0148119926
12.4724040031
14.4629740715
12.618391037
13.5074188709
13.3585422039
12.5058829784
12.4426219463
13.0111000538
13.0964570045
12.2921199799
12.7785151005
12.2171831131
13.7626321316
15.5323429108
14.7329730988
13.3386600018
13.5040581226
14.8226451874
12.9587299824
12.8944020271
13.2384297848
12.7539138794
12.9205780029
13.5704438686
17.3409330845
14.9815909863
13.373363018
12.5430059433
13.0958030224
12.7677109241
15.9834110737
12.788285017
12.9614779949
14.8601098061
14.8367869854
13.2103950977
14.7885229588
13.506551981
12.8466689587
13.467662096
12.6952650547
13.6593360901
15.0431489944
14.7269361019
13.4537260532
13.0923500061
16.3790919781
13.0978479385
12.1677691936
12.9364390373
13.3780810833
15.4221141338
13.9890851974
12.493021965
12.3933401108
13.3768758774
12.6620090008
13.0802671909
16.7713570595
19.1334159374
12.7512350082
13.5256631374
15.145029068
16.0952541828
12.6789169312
14.674779892
14.100992918
13.7809329033
15.0697331429
11.7092161179
12.6557600498
12.3072690964
13.0897660255
13.0705828667
13.0987069607
14.2726371288
13.2998950481
12.4079270363
15.1391820908
12.1969430447
13.0269191265
16.0620810986
12.8813722134
12.7966749668
13.2805671692
12.6012909412
17.4588820934
14.2687819004
13.7078409195
17.3083600998
14.2804539204
13.4731330872
13.0037190914
15.5632109642
15.1844758987
12.6204221249
12.8101878166
16.3695869446
15.5672638416
14.6776680946
15.8697268963
12.9669981003
14.3175621033
13.6991159916
13.6978478432
12.4729220867
12.5142688751
12.7818040848
13.1937570572
15.7864558697
19.0751280785
14.5010499954
14.2838850021
14.1798808575
15.8407409191
14.3791611195
13.8608458042
14.7616889477
13.4961009026
14.9574670792
14.1576280594
13.3130400181
14.3428778648
15.3291311264
12.8993937969
12.6427741051
12.0968980789
19.1602258682
13.0994429588
14.1747200489
13.0493187904
13.1070890427
13.1238219738
13.4748940468
16.4608199596
14.0054149628
16.7430939674
13.0796940327
12.4932808876
12.8797478676
13.4624240398
18.5627579689
12.6858029366
20.3710451126
16.684360981
16.586671114
13.8451108932
14.1171569824
14.1768507957
12.6518650055
12.6179869175
13.9107251167
17.0229239464
14.2836639881
13.3807609081
18.7619168758
15.2106029987
13.4819340706
13.9428260326
15.0044548512
12.7400178909
14.0798690319
13.0159840584
14.7019398212
16.096159935
13.4679329395
13.6164820194
18.8004801273
16.577573061
12.5519928932
14.7628479004
14.1435198784
12.6810729504
12.4831979275
14.4074990749
12.9469568729
12.8314189911
12.4391701221
13.9110379219
12.3232550621
12.8770620823
12.6624970436
12.7115650177
12.4624040127
12.5008249283
12.0602769852
13.1859478951
13.3765711784
12.7300560474
12.4532148838
13.5080418587
13.6117310524
13.2463259697
15.0851709843
13.2677938938
12.1361830235
13.1645829678
13.2020261288
12.4650959969
13.4805970192
13.3321318626
13.1589779854
13.055426836
16.4396359921
12.4192421436
13.6807079315
14.3828411102
13.2892520428
13.3501222134
13.4672181606
13.7415320873
14.9145901203
