Experiment Results
9.779877519933507
5.313896056963131
5.084072557976469
6.035749091068283
7.714988556923345
5.309286043047905
7.5444309171289206
5.454995529027656
5.136828258866444
5.280884640989825
5.939551649149507
5.416331230895594
5.727235063910484
6.749381496105343
5.4501537550240755
5.146214657928795
5.254455695161596
5.550398822873831
5.1748391760047525
7.4319494920782745
5.846002510050312
5.24286394007504
5.37355619808659
7.34404951101169
5.273881096858531
5.249208118999377
7.868249423103407
5.137250629020855
5.534209745004773
8.261239297920838
5.264564667129889
5.68047053203918
6.332518704934046
5.470669766888022
6.3556426169816405
5.481610303046182
5.275677911005914
6.763520248001441
6.566940604010597
5.455316408071667
8.173429768998176
5.055183810880408
5.359607273945585
6.263738050125539
5.292860025772825
5.4724310610909015
5.573894266970456
6.073327822145075
5.363995861029252
5.337694698944688
5.156331887003034
8.261494988109916
5.5521159721538424
5.272402085829526
7.782152814092115
5.970578543143347
5.473841563099995
5.676488084951416
5.199487693142146
6.647561551071703
5.865639621159062
5.653392900014296
5.267216724809259
8.063663862179965
5.252681020880118
5.364539441885427
5.466414954978973
6.1850955409463495
5.3335793749429286
6.857782589038834
5.433318960946053
6.280290481867269
6.758185757091269
5.483728410908952
5.053040836006403
7.886105637997389
5.662745733978227
7.173725324915722
5.18919013091363
5.185455882921815
5.055122583173215
6.0832789950072765
5.389724723063409
6.15438316995278
6.470792521955445
4.965582997072488
5.390517598949373
6.68625847902149
4.677229412831366
5.235767734935507
6.878097824053839
6.873062166851014
5.457919435808435
5.272853692993522
4.9538878567982465
5.59770716400817
5.2479507508687675
5.69966605794616
5.728973349090666
5.059557346859947
5.455224328907207
8.067575599066913
6.8526663850061595
6.571434449171647
7.273503052070737
7.189626498846337
9.062142824055627
7.188080612802878
9.278619857970625
6.492740496061742
9.681137748993933
5.365560315083712
5.787004231940955
6.190996717195958
5.472868787124753
8.089437106857076
4.998963342048228
6.275213015964255
7.9971420229412615
5.471512909047306
5.806994445156306
5.567808568943292
8.271018940024078
8.296290237922221
11.383338355924934
5.079906953964382
5.3982148070354015
9.873853527009487
5.995162859093398
11.180812779814005
5.776211089920253
9.81300714588724
5.305209876038134
5.947375630028546
8.524427528958768
5.462426071986556
6.784738366026431
7.02127705514431
11.762970107840374
7.086811848916113
10.696788281900808
7.491161823039874
6.094759225146845
5.577357860049233
5.685472800163552
7.59237804193981
7.390196064021438
8.87166473804973
6.307107462082058
5.670868576038629
6.607016863999888
8.781130210962147
10.313413811847568
5.762453336967155
6.494233267148957
6.127498463029042
8.170566105982289
5.478384439833462
5.813417206052691
5.385524756973609
5.574619580060244
6.818474438972771
7.461645069066435
5.784107533982024
8.50800651917234
5.510102916974574
6.67805226217024
5.3084057660307735
9.099981125909835
5.454570224974304
8.59581638709642
11.60402550897561
7.98609438794665
5.684156166156754
8.189888826804236
6.799436785979196
5.192598776891828
6.000611222116277
6.272241553058848
10.190152151044458
9.716854046098888
5.174079466145486
5.786268897121772
6.517604005057365
7.974130052141845
5.8927963089663535
6.336825850885361
6.036460301140323
5.502160660922527
11.196273328037933
6.191614898853004
6.280757757136598
8.694979300023988
5.591280132997781
5.514470722060651
5.798459395067766
7.856756291119382
7.426066441927105
6.290112705901265
8.675132709089667
8.25352442311123
6.377637455007061
8.339793557999656
7.70980603992939
9.258579340064898
11.46384880784899
9.884233657969162
9.775139693170786
5.487585223047063
6.376493212068453
11.096150771016255
11.765736558940262
7.579495114041492
9.985306345159188
11.97819182695821
6.991151022026315
7.304221888072789
5.363973502069712
5.780785087030381
5.482967761810869
8.68455840088427
4.9898367170244455
4.978856595931575
5.492016546893865
7.176368003943935
15.19853145792149
8.300839408999309
7.3617690310347825
7.1886484019923955
9.390674490015954
9.184649283066392
12.390532366000116
8.59207326802425
10.07142821396701
5.915343081112951
9.288267254130915
10.973049132851884
5.9861176430713385
6.838213976006955
12.15324570494704
8.059557409957051
5.718248527031392
5.072850396856666
11.683260237099603
10.80430415715091
7.6794817231129855
11.588082616915926
8.93179618101567
5.877015587175265
9.270901676965877
6.891394635895267
8.792890211101621
8.89920140709728
6.684525064891204
7.0985343009233475
5.4074951889924705
6.746048126835376
8.889697848120704
7.2232351009733975
6.964100227924064
11.590648944023997
6.622850453946739
5.799052391201258
5.4537311440799385
7.709034635918215
7.087862442014739
9.674804161069915
6.40706488979049
7.597999469842762
5.09143343497999
6.33592435810715
9.76153018604964
5.682677629869431
5.202399095054716
6.8588573429733515
7.10528016416356
10.515223019057885
6.5964460738468915
6.2664586110040545
11.281544381054118
5.498123376863077
5.986763681983575
7.018611152889207
6.161569780204445
6.603531521977857
10.102574696065858
10.384529067901894
7.087043365929276
10.213300531962886
8.881314428988844
7.077886254992336
9.593777301022783
9.110432249028236
5.287650770973414
5.690557433990762
5.386297635035589
6.493710994021967
10.795141736976802
7.067092810058966
6.115682835923508
9.947841410059482
9.164249301888049
11.186830604914576
8.693604910979047
7.632250081980601
6.582612836966291
5.485210158862174
5.07822600286454
9.483475553104654
7.649041223805398
10.483853613957763
5.691318284953013
5.293269137851894
5.7896131568122655
10.272989804157987
5.594962257891893
6.1686203591525555
9.682938782963902
9.094204396940768
7.270830810070038
9.798704483080655
6.581392403924838
6.290260716108605
6.184843109920621
5.079880030127242
4.992444731062278
9.487874735146761
6.269076491938904
7.274070965126157
11.318980094976723
5.570505455834791
7.990747140953317
6.883402921957895
5.401569118024781
6.995316731045023
7.373540377011523
8.488822691142559
8.827858295990154
10.340995518956333
6.776964800897986
11.329724323004484
8.958602054975927
13.292221792973578
5.394853407051414
9.089946776861325
19.686237806919962
8.18877200013958
10.805562661960721
5.286266807932407
5.782257683109492
6.483527629170567
8.076460303040221
6.601943030022085
5.614276277134195
5.103742233011872
6.657843268942088
8.106532116187736
5.179379191016778
5.885569951031357
6.0060722678899765
11.774583275895566
11.78984653414227
10.388485557865351
5.093018880113959
6.398166315164417
6.0869377858471125
5.60479445499368
11.88519475213252
7.794102909043431
5.606877552811056
5.174655622104183
6.487591177923605
6.396439386997372
4.98989155003801
5.196635070024058
8.291337840957567
6.893631889950484
9.48503116890788
5.187840456143022
4.798232557950541
4.996220156084746
7.385275377193466
7.695190316066146
16.09124854998663
12.597552374005318
7.794841975206509
5.281104196794331
6.289971054997295
8.243123155087233
7.448002581950277
5.015399520052597
7.677813957212493
9.085491209058091
5.12136321910657
5.1886279720347375
8.226408437127247
7.14355139201507
7.984345417935401
6.688353864010423
6.3955247479025275
7.046503780875355
11.858934754971415
11.465693261940032
9.279565986944363
6.3764572001527995
8.4856055569835
5.95826809713617
11.680762699106708
7.08210662798956
10.492184851784259
22.57709967996925
14.775479156989604
21.08630015910603
12.883585120085627
11.785041849128902
7.690358177060261
12.274124511983246
7.083116489928216
6.8931137539912015
5.386647199979052
9.4832239120733
5.986189109971747
6.592190610943362
5.884164558025077
8.976533721899614
6.2173288620542735
7.55593168316409
9.783843484940007
11.379124650964513
8.585686503909528
5.9023519649636
5.376032802974805
7.092000575968996
6.076737463008612
5.19318000995554
6.185561084188521
7.395894738845527
14.794917077058926
10.76216994295828
7.397735642967746
13.964227476157248
6.317075992003083
7.596464538015425
8.999093334190547
7.196594476001337
13.969724095892161
10.698992748046294
8.815776557894424
5.955439317040145
10.005932724103332
5.5762363388203084
6.99538439209573
6.18554794206284
4.797340875957161
6.584338492015377
6.084500900935382
5.51235816301778
5.0823734540026635
6.697259268956259
6.682166649028659
6.590223341016099
5.485830366145819
8.592474760953337
6.7990249381400645
7.184163661906496
5.687196762068197
8.504823216004297
10.683167529059574
7.074581980006769
7.30539761390537
5.004402524093166
5.796847251942381
6.481340419035405
7.430118944030255
7.149957973975688
6.396981934085488
9.901536382036284
11.279767125146464
10.787516866112128
6.5858230399899185
5.711412796052173
6.885393189033493
5.7914023080375046
5.597566763870418
5.095603903988376
6.6792763529811054
10.688710263930261
12.721384243806824
7.779227824183181
10.578575138002634
5.975661240983754
5.948590490035713
6.0546403371263295
5.795608482090756
5.7913790489546955
5.801979725016281
6.183837365126237
5.990163422888145
8.209239237941802
6.880233838921413
6.445436557987705
10.662535457871854
10.86975014791824
8.389587901998311
10.277319027809426
7.979289036011323
15.254418824100867
19.47803050512448
7.286959232995287
9.7777720161248
6.582676912890747
7.489936638856307
5.879014440113679
8.502325537148863
5.161883004009724
5.269843764835969
7.416326323058456
9.683336231857538
5.0949345850385725
14.459938311949372
6.903711091959849
5.7744257329031825
6.397620697971433
6.0709713329561055
8.778822320979089
5.988024346996099
7.007752771023661
5.480791463050991
12.767975613009185
7.102741400944069
11.573114610044286
8.695347802946344
5.283491438021883
9.590036559151486
16.53077652095817
6.3450978950131685
8.384684664895758
6.900433993898332
13.280363189987838
7.109042790019885
11.164352332009003
8.80793041898869
10.002803388983011
8.269912965130061
11.47196579305455
11.89468217198737
8.88997652893886
11.187542182859033
12.8930583759211
7.095168795902282
9.797803479945287
7.267137152142823
5.896972559159622
5.096971896942705
4.9798631658777595
5.10715000401251
7.755617096088827
5.013183730887249
8.087535409023985
5.790685951011255
6.38945768494159
5.891739919083193
5.498791682999581
7.8116841139271855
7.677276229951531
8.280737853143364
6.9932224890217185
7.6901456839405
12.593520811060444
6.3041088718455285
5.362639440922067
6.2319844998419285
7.0885342550463974
6.306405338924378
6.149994238978252
11.708968433085829
8.17453352198936
9.287951172096655
5.397576743038371
8.106409444008023
5.22061753901653
11.155804422916844
5.994244400179014
15.489735038019717
10.599310270976275
9.579865514067933
5.9203745869454
22.868660807143897
10.894348387839273
11.493011856917292
7.497552149929106
6.081784924026579
6.989344852976501
6.099492599023506
6.091006058966741
8.393527467967942
6.041038989089429
6.556445254012942
9.291991614969447
5.190266181947663
