Experiment Results
5.312807786045596
3.7644078279845417
3.9694599530193955
4.072459866991267
4.815449628978968
3.6375985939521343
3.774959631031379
3.775958270067349
3.5839062097948045
3.8943372601643205
3.8635245100595057
3.7857235099654645
3.883950533112511
3.8762527788057923
3.5925207359250635
3.6864001469220966
4.285606189863756
3.7915034948382527
4.082164285937324
3.5942557568196207
3.389257322996855
3.7856491000857204
3.261911191046238
5.6820192250888795
3.500104492995888
3.5777549238409847
4.191747565986589
4.776941764866933
3.695693138986826
4.005769978975877
3.761929637985304
4.995705454843119
4.077383913798258
4.491194719914347
4.319252073997632
3.7605461629573256
3.6961432660464197
3.487425204133615
3.6833198859822005
5.384859922109172
3.8935430392157286
3.2762269040104
4.334946287097409
3.9578759050928056
3.6876952769234776
3.6891175508499146
3.5917384529020637
3.8915512789972126
3.293731028912589
3.782967475010082
3.8816945790313184
3.7110705350060016
3.6810799771919847
3.5893100511748344
3.6956909319851547
3.578729711007327
6.804335773922503
3.48306295205839
4.903961875010282
3.785282497992739
3.7836323289666325
3.6008637249469757
3.591670904075727
3.485620414838195
3.7923571160063148
3.3912842858117074
3.7005206840112805
3.5904657361097634
4.601906921016052
3.6867403800133616
3.587877388810739
3.6030610632151365
4.289619896095246
3.7727465708740056
3.6965263260062784
3.6893454589881003
3.9926466420292854
3.4950523511506617
3.694944598013535
6.40801860881038
3.2717991760000587
3.398201733129099
4.497781966114417
3.7824418670497835
4.297980864997953
3.6977231740020216
3.9794790418818593
3.4984780540689826
3.680903168860823
4.108091749949381
3.4885364240035415
3.7120021840091795
3.367554312804714
3.7944511040113866
3.5834864769130945
4.203446984058246
3.785943196853623
3.6995895539876074
3.690178669989109
3.5980550108943135
4.3624968158546835
4.16261231014505
3.956568257883191
3.8656331431120634
3.782427367987111
4.175329174846411
3.7772952090017498
4.223222221015021
3.6419323428999633
3.4037282611243427
3.7574156280606985
3.783256697934121
3.4813779359683394
3.69923947006464
3.8793304541613907
3.767825823975727
3.988032129826024
3.7866389888804406
3.8880368538666517
3.614818681962788
3.7478313099127263
3.6926345450337976
4.076690970920026
3.9930328538175672
3.6757681951858103
3.6955777320545167
3.983453141991049
3.6839033639989793
3.9816446090117097
4.098605172010139
3.9817432491108775
3.885595828993246
3.5844743081834167
4.190311040030792
3.6795225779060274
3.796680732863024
3.4823859988246113
3.626660070149228
3.760675420984626
3.682140356162563
3.9972913931123912
3.785835046088323
3.593509386992082
3.6927853079978377
3.5853023070376366
3.691423805896193
6.689803878078237
4.292655698955059
3.697620934108272
3.980314977001399
3.888037116965279
3.788267105119303
3.7917378989513963
3.5881016000639647
3.8183141429908574
3.7656110969837755
3.4869080991484225
3.7103349841199815
3.9877213779836893
3.7776437690481544
4.016984877875075
3.669206831138581
3.1880523378495127
4.388332986040041
3.8939116150140762
3.3987081930972636
3.3858751801308244
3.4926703539676964
3.5879244280513376
3.9030369359534234
3.3813903448171914
3.796264335978776
3.6922713168896735
3.288993877125904
3.4871572100091726
3.7977064638398588
3.78829582198523
3.9019089499488473
3.385929975192994
3.996630750130862
3.8904329128563404
5.892374370945618
4.487377278972417
4.197711412096396
4.593951164046302
3.7877149400301278
4.594840736826882
3.7910194790456444
4.09141550399363
3.798540591960773
4.28727492201142
3.898676003096625
3.5932423879858106
3.5855421230662614
3.6890474278479815
3.7095976860728115
3.7823386141099036
3.5866038848180324
3.610427489038557
3.4752303378190845
6.25109926587902
3.6628006019163877
4.068735799053684
4.377645490923896
4.067673092940822
3.8822827520780265
5.161970735061914
6.997820809017867
4.072992739034817
8.282428545877337
5.3800238750409335
3.6821527529973537
5.884485241025686
5.078062806976959
4.691993789980188
5.3914391989819705
3.768931513885036
4.488811339018866
3.3967018260154873
3.9787295451387763
4.478808828862384
4.79297168715857
4.180684142047539
4.385403556982055
6.39104889286682
3.78182794386521
6.782363434089348
3.7852183759678155
5.187300381017849
7.511624587001279
3.7715836849529296
4.0784869198687375
5.5852527839597315
4.5960626769810915
4.286542718065903
3.5954775519203395
4.79149996698834
3.5707686690147966
4.09044588310644
4.492863333085552
5.186329653952271
4.0972235491499305
3.6856483509764075
3.6913330538664013
6.988874946022406
4.090260402997956
4.188670296920463
5.294602988986298
3.899022941943258
3.808210888179019
3.5595569889992476
3.696338134119287
3.9894881658256054
3.593193268869072
3.5929562740493566
4.187686117133126
3.8813374070450664
4.397208946989849
4.797493133926764
3.490476412931457
3.586059263907373
5.290900798048824
3.9915890991687775
3.3990406079683453
4.29183236300014
3.8796671519521624
4.692065055947751
3.7961473239120096
3.5944204649422318
3.694460741011426
3.9860712168738246
3.192429237999022
3.687110137892887
3.6976320061367005
3.7846318969968706
4.7995306099765
3.8917070098686963
4.496085258200765
4.791947691002861
4.091887454036623
3.898158364929259
5.081846596905962
4.6929314529988915
5.006152323912829
3.780297467019409
3.7915933600161225
3.6983812220860273
3.4863789370283484
3.8990349671803415
3.6189486358780414
3.9670240599662066
3.383473757188767
4.093522483017296
3.5992196400184184
3.792495003901422
4.223535512108356
4.348268580855802
7.705817271955311
5.291319829877466
3.7909482680261135
5.758604468079284
7.295065002050251
5.829662577947602
4.478138115955517
3.5807472781743854
3.6617228011600673
3.879385204985738
6.180939211975783
5.18104645004496
5.582845435012132
4.880738422041759
6.178668407024816
3.682599731022492
4.304608003003523
4.058478158898652
3.9879886680282652
3.6880809059366584
9.186419746140018
13.693690435029566
4.68737401580438
3.7757750309538096
3.680169894127175
3.990626471117139
4.08643342112191
5.081480319146067
4.081301436992362
4.014311362057924
3.6671453840099275
4.57688899198547
5.588074872037396
3.8823112649843097
4.088134435005486
6.884753971127793
4.294683662941679
3.783236450050026
3.3893874590285122
4.4822075080592185
4.009304306935519
4.173884093994275
4.201471338048577
5.074799767928198
4.489838780835271
4.392021090956405
4.311252087820321
4.669510064879432
4.091333759948611
3.9839867542032152
6.002977525116876
3.3779122589621693
7.788446879945695
4.199654888827354
3.5846860751044005
3.4934218670241535
3.5884672049432993
3.589393566828221
3.389414364937693
3.5018893061205745
3.780210399068892
3.789587643928826
5.03174561704509
4.046506366925314
3.6064561209641397
4.979239037958905
3.9219448280055076
3.467053710948676
3.793701230082661
4.305823117960244
3.671247815946117
3.9982423400506377
3.3799063130281866
3.407932325033471
3.6011861620936543
4.492916034068912
6.18938026484102
6.878215193981305
6.401409819955006
5.780640303855762
3.9190829368308187
4.667002397822216
3.9921313850209117
3.5007640349213034
4.283861760050058
4.285556817892939
4.424053549999371
3.380911439890042
3.7823014131281525
4.585424168966711
6.535353684099391
5.85341348988004
7.0997743010520935
3.9821635608095676
5.089928007917479
4.99574447190389
3.597114871023223
4.2954388440120965
4.590112306876108
5.296397404046729
3.5937200700864196
3.2868125981185585
3.4965266638901085
4.246556305093691
4.285542308818549
4.947717206785455
7.073585510021076
4.176849679090083
5.769075554097071
5.380071125924587
5.283667498966679
4.983761916868389
3.88323510508053
3.679913294967264
3.974498054012656
3.808940842980519
4.075468295020983
3.4638315360061824
3.792891974095255
3.98340868903324
3.78596952999942
3.914267122047022
8.562493477016687
4.067677655955777
3.6857096310704947
3.716944137122482
3.864274064078927
5.079300922108814
3.9845325239002705
4.38186721294187
5.489908782066777
5.890833194134757
8.092256400967017
7.082994516007602
5.2868535539601
3.88042373303324
6.391395020065829
5.385706527158618
3.983090096851811
8.39545010891743
4.791316678049043
4.491596834966913
5.387300615897402
5.5837756670080125
3.7865229239687324
4.0893357140012085
3.798702063038945
4.581845198059455
5.609234873903915
4.400402482133359
9.267711281077936
4.689760864945129
4.459377275081351
3.823940773960203
4.703496102010831
3.9680155639071018
5.192067690892145
4.394333549076691
4.69407785218209
3.59275343012996
4.389689273899421
4.790587748866528
3.8927991008386016
3.891549489926547
11.799620898906142
7.284811550984159
10.850596336182207
5.429200517944992
5.28596533392556
5.788706305203959
3.7020998869556934
3.888990327017382
4.997825069120154
3.4817337880376726
4.3980565189849585
3.8954455729108304
3.4983029910363257
4.175534510985017
6.609174513956532
9.180809550918639
5.789353418862447
4.596349724102765
4.089876470156014
4.497463634936139
3.692827455000952
3.9881370950024575
4.799505808157846
3.9896805537864566
3.9846167149953544
3.8864399092271924
3.7966129679698497
3.4915709199849516
4.0022690140176564
4.486928932834417
4.0913062419276685
3.7943468738812953
3.7952137689571828
3.79388635000214
3.9059063580352813
3.6807267391122878
3.788045024033636
3.684425812913105
3.502263532951474
3.8514989810064435
4.049250317038968
5.1809284458868206
5.568758609937504
5.776297928998247
5.4701496821362525
5.2826720289886
5.984145852038637
7.08608797006309
4.884461987996474
6.869621095946059
4.583641452016309
6.480913914972916
5.482831166824326
3.886720451992005
5.108967003878206
4.963539571035653
7.084002383984625
4.984752470860258
5.684375467943028
4.073033991968259
5.090935371816158
4.582011896884069
4.29075467097573
5.2902385198976845
4.885382300009951
7.576701311161742
3.6944524159189314
5.079260679893196
5.791833625873551
4.079706335905939
4.2850846271030605
4.9969271251466125
5.183172595920041
4.993441686034203
3.7856198651716113
5.483483898919076
4.205679327016696
3.670152317965403
4.892134647117928
3.8903371358755976
3.4826310221105814
5.194914856925607
3.9903192531783134
7.683982877060771
7.195966848870739
4.090545194922015
4.913109900895506
3.7749772139359266
4.076912194956094
4.092532866867259
4.098426135955378
4.513832822907716
5.468739538919181
3.689610068919137
3.5858003909233958
5.889468765119091
3.5329805680084974
5.456050220876932
3.894560063024983
3.7779742411803454
3.5083454800769687
3.590968592092395
3.38247918500565
4.29613196500577
4.886868173955008
7.4904600500594825
8.085581358987838
4.790564663941041
3.891418025130406
3.698162395041436
3.893602389842272
5.082903170026839
4.099788696039468
4.08493643021211
5.094459723914042
3.8966642068699002
5.89082241198048
7.09210566803813
6.600132253021002
4.5868894218001515
4.214347824919969
4.366003856062889
3.9931096201762557
4.686761392047629
3.699555899016559
4.084261714015156
3.998955942923203
4.895776923047379
5.516084023984149
5.264954420970753
3.7909434800967574
4.286886733956635
3.8999061931390315
4.39082347904332
4.385021639987826
3.700588781852275
5.494562821928412
5.892494244035333
4.881765390979126
