Experiment Results
87.53060620650649
71.62817904911935
65.51685783080757
53.27984963543713
50.49980134703219
48.26632984727621
47.99022856168449
37.8506693020463
37.004247365519404
36.82153174094856
36.347347563132644
34.679932756349444
34.36900988034904
33.54092913866043
33.83159895800054
31.71534294448793
31.665480410680175
31.584836469963193
30.806450229138136
30.838291615247726
30.12062899954617
30.197330372408032
29.964086757972836
29.112215779721737
29.551350068300962
28.372249817475677
28.70870253816247
27.707321556285024
26.454502364620566
26.21665264852345
26.039550380781293
24.782375056296587
24.80027968250215
24.179297663271427
23.81176757439971
23.47766056470573
21.605852222070098
21.564824786037207
21.513074720278382
21.067493736743927
21.05408919788897
20.13200420886278
19.530678583309054
18.78274946846068
18.45890318416059
18.661020420491695
18.11489518173039
17.874937592074275
17.56423314101994
17.851981103420258
17.552951542660594
17.545631494373083
16.728388419374824
16.559221774339676
16.584921335801482
16.321921741589904
15.8168074619025
15.662721598520875
15.743014326319098
15.018074624240398
15.289169576019049
14.574075907468796
14.864017898216844
14.540731439366937
14.162561079487205
13.994414404034615
14.166777051985264
14.023333119228482
13.703993681818247
13.784792544320226
13.563205217942595
13.607486074790359
13.394242638722062
13.273994501680136
13.215992840006948
13.108619159087539
13.08965589478612
13.1082425378263
13.074102247133851
12.920700151473284
13.160731330513954
12.613158287480474
12.866743186488748
12.63106320425868
12.659105584025383
12.68502240255475
12.353591283783317
12.459255639463663
11.992925867438316
11.99884951673448
11.826092798262835
12.162738401442766
11.736269552260637
11.94701512157917
11.661004418507218
11.41614387743175
11.503949474543333
11.46923953294754
11.371655635535717
11.2298190779984
83.84609698317945
71.65524155646563
65.2555146124214
53.43362459167838
50.69777921028435
48.387812124565244
48.40097847953439
37.76102654822171
36.907507475465536
36.84049874171615
36.4490043502301
34.707357769832015
34.408891851082444
33.52969313040376
33.71336930990219
31.715696407482028
31.64771138317883
31.58534535765648
30.855772158131003
30.894113371148705
30.07429131679237
30.086941815912724
30.017972690984607
29.456288335844874
29.129492707550526
28.72409881837666
28.62502310797572
27.809316670522094
26.502671452239156
26.14751715771854
26.033141059800982
24.79959513619542
24.813513714820147
24.242028452455997
23.911201868206263
23.182604303583503
21.767752205953002
21.570773782208562
21.32832776941359
21.384381791576743
20.8767266292125
20.197653172537684
19.548224218189716
18.617372514680028
18.681729370728135
18.687464037910104
18.152377795428038
17.8924514465034
17.545360192656517
17.682823611423373
17.56273777037859
17.6082050986588
16.601175252348185
16.834536531940103
16.36367515474558
16.256174433976412
15.796984557062387
15.599517356604338
15.632550802081823
15.25118863210082
15.275001019239426
14.902790665626526
14.761051082983613
14.30306539684534
14.311421357095242
14.17523887194693
13.895216826349497
13.936039617285132
13.920354802161455
13.647775262594223
13.381368812173605
13.491950551047921
13.516156308352947
13.575159965083003
13.09660735540092
13.343583632260561
12.788135459646583
13.245577327907085
13.092426043003798
13.065071228891611
12.873288506641984
12.804346662014723
12.832975126802921
12.736741771921515
12.5454441588372
12.641119195148349
12.080058665946126
12.312366496771574
12.267772700637579
12.10746600665152
11.812317969277501
12.172368910163641
11.896779522299767
11.584941336885095
11.746029455214739
11.644671007990837
11.572190536186099
11.412036774680018
11.426108734682202
11.166152391582727
83.94698567129672
71.69060308486223
65.33106803707778
53.17728958837688
50.61203797347844
48.23690742440522
48.253023048862815
37.60526414960623
37.182926969602704
36.68687923811376
36.44477164186537
34.72615655325353
34.09116476774216
33.85324958898127
33.49484899640083
31.676337242126465
31.80019797384739
31.642392037436366
30.81933476962149
30.706552777439356
30.186727864667773
30.185119479894638
29.672782588750124
29.591844722628593
29.286604147404432
28.722373941913247
28.478270296007395
27.658859204500914
26.555559867992997
26.18836995214224
25.89117323420942
24.79388478025794
24.89048035442829
24.101164860650897
24.1821990609169
22.981451600790024
21.800606602802873
21.672265876084566
21.388143610209227
21.115409675985575
21.046571049839258
20.00179783627391
19.71063055843115
18.65354966185987
18.615243580192327
18.5175149012357
18.39499761722982
17.774307331070304
17.682103503495455
17.87299339659512
17.511914022266865
17.20143406651914
16.673631992191076
16.918453581631184
16.367515401914716
16.280075900256634
16.024108877405524
15.843381743878126
15.219991279765964
15.395124392583966
15.189068278297782
14.991642227396369
14.487974390387535
14.393712121993303
14.41005208902061
14.29936096072197
13.929558962583542
13.752618435770273
13.681688526645303
13.958956569433212
13.438814731314778
13.547562019899487
13.44071202352643
13.455569734796882
13.183370983228087
13.307022346183658
12.97043152153492
13.189456639811397
12.918489821255207
13.098801782354712
12.963723605498672
12.808678936213255
12.878634173423052
12.717434262856841
12.445102078840137
12.731224557384849
12.388542970642447
12.201986536383629
12.068026699125767
12.132391953840852
11.96012332290411
11.918943747878075
11.95690874941647
11.613581815734506
11.795066595077515
11.56634578295052
11.346235724166036
11.683528250083327
11.168768286705017
11.579433031380177
83.75690063647926
71.71567344665527
65.32874890975654
53.186507537961006
50.47380037792027
48.28492056205869
48.27305386774242
37.48577952571213
37.15751427784562
36.824875542894006
36.478820223361254
34.540261439979076
34.41692482307553
33.77036710269749
33.369469340890646
31.8013558331877
31.784390036016703
31.571900071576238
30.798310672864318
31.002979708835483
29.956157891079783
30.195648085325956
29.905101891607046
29.32781389541924
29.38547322899103
28.599366893991828
28.584635503590107
27.64914356544614
26.50713355652988
26.283555421978235
25.86320344172418
25.004015676677227
24.7019481677562
24.384330896660686
23.883287101984024
23.18113119713962
21.88899741694331
21.524812230840325
21.317536789923906
20.906618300825357
21.026402786374092
20.25530600734055
19.476686963811517
18.911530366167426
18.497896859422326
18.612988013774157
18.169552898034453
17.889097468927503
17.60225050896406
17.98485847376287
17.476756189018488
17.3149446323514
16.644299240782857
16.81360032595694
16.3610423784703
16.308184381574392
15.898801742121577
15.763975918293
15.495933646336198
15.244154445827007
15.21693030372262
14.948023840785027
14.570378536358476
14.294112913310528
14.300637651234865
14.212712006643414
14.036458786576986
13.909289123490453
13.657058466225863
13.69552113674581
13.63566460646689
13.62896041572094
13.574396399781108
13.096403339877725
13.161889050155878
13.317148627713323
12.98053721524775
13.097953826189041
13.338276881724596
12.847818341106176
12.852442124858499
12.811163518577814
12.988221300765872
12.486911527812481
12.872066302224994
12.389462491497397
12.35170098207891
12.26238269917667
12.016631396487355
12.16068454273045
11.99638177268207
12.027746893465519
11.756699172779918
11.912469115108252
11.583225721493363
11.59253360517323
11.585346192121506
11.408994348719716
11.5229097828269
11.216812055557966
83.87835773825645
71.70745113864541
65.30739853903651
53.36231806501746
50.4338202662766
48.452481826767325
48.18199431337416
37.488546980544925
37.17259144037962
36.67713192664087
36.32786447368562
34.75654738768935
34.30215844511986
33.778997322544456
33.405339220538735
31.748525952920318
31.716702584177256
31.553207563236356
31.007411528378725
30.637709436938167
30.366905812174082
29.975586200132966
30.01016018167138
29.26647618971765
29.390184776857495
28.682725904509425
28.377771394327283
27.679105220362544
26.866960437968373
26.111857345327735
25.888191169127822
25.200303580611944
24.689027888700366
24.422054523602128
23.734529308974743
23.283032087609172
21.70047602057457
21.591758400201797
21.38160863518715
21.014044918119907
21.010964795947075
20.107344718649983
19.5239876229316
18.86719896271825
18.480355927720666
18.587538860738277
18.199659503996372
18.1318093072623
17.456968788057566
17.874067153781652
17.507523918524384
17.279616503044963
16.8155683465302
16.767680674791336
16.45467535406351
16.36152122914791
15.816139841452241
15.720265496522188
15.472217936068773
15.3872678745538
15.052530346438289
14.98172628134489
14.703359890729189
14.151560815051198
14.533308235928416
13.913239799439907
14.128423430025578
13.879746668040752
13.802190460264683
13.699458030983806
13.660183131694794
13.498582975938916
13.51984053477645
13.357984159141779
13.174655381590128
13.036355968564749
13.18445742689073
13.10559063218534
13.136260321363807
12.926904410123825
13.101446632295847
12.654901519417763
12.88881816342473
12.620383732020855
12.542437437921762
12.63257403112948
12.397298261523247
12.186947297304869
11.970460603013635
12.441380588337779
11.74889250099659
12.184697281569242
11.702607866376638
11.833059627562761
11.685013996437192
11.541894312947989
11.648136258125305
11.258071856573224
11.404837772250175
11.520335245877504
83.926004903391
71.68855909444392
65.43686586990952
53.06747012399137
50.686745036393404
48.384026393294334
48.13441456668079
37.50630081631243
37.232781797647476
36.699674889445305
36.493945460766554
34.70071201957762
34.19996592774987
33.75641247071326
33.36704405397177
31.964273611083627
31.703955817967653
31.472360409796238
30.80024684034288
30.796650798991323
30.0620897449553
30.298213183879852
29.950862618163228
29.290965715423226
29.290397560223937
28.71390088275075
28.481606606394053
27.582171631976962
26.778961062431335
25.989316834136844
25.973724097013474
24.954584451392293
24.847480285912752
24.171875020489097
24.002869199961424
23.265538508072495
21.76004433259368
21.23115369491279
21.668227154761553
21.048866759985685
21.077545518055558
20.140951976180077
19.52082359045744
18.58103428222239
18.777107747271657
18.494122501462698
18.230810932815075
17.8656333014369
17.57638531550765
17.97811309248209
17.278245544061065
17.504863949492574
16.592362573370337
16.892966367304325
16.67688429541886
16.078536359593272
15.886243989691138
15.713375221937895
15.562171373516321
15.009218012914062
15.356221944093704
14.89786758646369
14.705903246998787
14.202866803854704
14.499945616349578
14.099200712516904
14.18942366167903
13.7866884842515
13.701712295413017
13.739369742572308
13.605851348489523
13.422564893960953
13.755389999598265
13.10157497599721
13.21356064081192
13.291643930599093
13.211110517382622
12.849499128758907
13.021995464339852
13.25784963183105
12.69454337656498
12.99406537041068
12.694395244121552
12.804001247510314
12.596188517287374
12.681567331776023
12.194862898439169
12.295388823375106
12.175184361636639
11.993257205933332
12.052684938535094
11.843976965174079
12.047866141423583
11.767934799194336
11.438381189480424
11.801438363268971
11.504477808251977
11.49261842481792
11.310573058202863
11.201602760702372
