Experiment Results
36.0210111141
33.4822618961
32.6752951145
32.8776659966
33.0266458988
32.9702270031
32.6856892109
32.6379179955
32.1287169456
32.1595849991
32.5864839554
32.2733888626
31.9081039429
32.1832499504
32.2801511288
32.1123099327
31.9514038563
32.0315489769
32.1210699081
32.1361839771
31.8338258266
31.961316824
31.7828929424
31.5462930202
31.8568007946
31.38509202
31.3081889153
31.627352953
31.2784349918
31.2488470078
31.5901050568
31.2972109318
30.8037490845
31.4123511314
31.2916340828
30.6333420277
31.4769060612
30.8895249367
31.0440671444
31.2896771431
31.0488061905
31.0325789452
31.4263830185
31.1243200302
30.79124403
30.7681291103
30.8840501308
30.8786480427
30.9579398632
30.7007989883
30.6138920784
31.1973388195
30.6490468979
30.5895769596
30.55513978
30.5826218128
31.0384070873
30.8599870205
30.9726598263
30.5829598904
30.6752581596
30.8463180065
30.3770799637
31.0208511353
30.457116127
30.3511071205
30.8294980526
30.6838099957
30.6026060581
31.086329937
30.3348178864
30.6741988659
30.6068022251
30.2843589783
30.3161690235
30.1571891308
30.2698180676
30.1842918396
30.4772629738
30.4161150455
30.5731179714
30.3336098194
30.411757946
30.0407400131
30.2753639221
30.0603220463
30.1360871792
30.0620291233
30.1434891224
30.3375520706
30.1762080193
30.3838000298
30.0724890232
30.1423711777
30.063585043
30.035982132
30.0216140747
29.7811779976
29.9655730724
29.6689171791
33.353823185
33.3737530708
32.9642901421
32.8802680969
33.0095670223
33.28571105
32.601598978
32.3495280743
32.7889010906
32.6604151726
32.27957201
32.2078440189
32.4501559734
32.506030798
32.4036309719
32.3137900829
32.0249969959
32.4509351254
32.0907318592
31.7868111134
32.0410599709
31.7893099785
31.7561430931
31.4905309677
31.8535370827
31.4838449955
31.3822898865
31.360325098
31.6535449028
31.3387877941
31.7042169571
31.617814064
31.361853838
31.5279991627
31.4512619972
31.1389389038
31.0763309002
30.9863409996
31.2745149136
31.1533520222
31.1395640373
31.01095891
30.9767949581
31.1644108295
31.2613501549
30.7870109081
30.9662790298
31.1924009323
30.9678468704
30.8753011227
31.1907680035
31.2031590939
30.8734059334
30.8646988869
31.1640188694
30.7670001984
30.9736320972
30.7693049908
30.5941050053
30.9306900501
30.5861620903
30.8528470993
31.3469331264
30.5732638836
30.8685259819
30.5187330246
30.4636111259
30.6330599785
30.3880188465
30.6720480919
30.199283123
30.4318511486
30.7499799728
31.4514729977
30.1670050621
30.0943169594
30.4349520206
30.1546721458
29.8840739727
30.452488184
30.0840468407
30.141600132
30.415238142
30.0116610527
30.3147470951
30.1121230125
30.0802509785
30.2610981464
29.9715249538
29.5984280109
29.9736220837
29.8866348267
30.0490248203
29.9034290314
30.5471231937
30.0293970108
30.3002450466
29.792206049
30.2234239578
29.8195571899
33.4279379845
33.3712818623
32.9769859314
33.1396329403
33.4439249039
33.2753870487
33.0360941887
32.8167071342
32.4810819626
32.6421558857
32.7709889412
32.5274279118
32.1674659252
32.3247020245
32.4249939919
32.9716420174
31.9842920303
32.218996048
32.3333280087
31.9922728539
32.0163621902
32.0134239197
31.9132599831
31.7211108208
31.9130940437
31.6484830379
31.6683471203
31.3244149685
31.3790690899
31.546033144
31.5055038929
31.3753600121
31.5941479206
31.4663140774
31.2715680599
31.3856141567
31.9474928379
31.2980690002
31.1377780437
31.2212228775
31.3711969852
30.9804251194
32.4743440151
31.1299688816
31.1122150421
31.5085520744
33.4800329208
30.9819140434
31.0258181095
31.0209798813
31.0485179424
30.7750399113
31.0684878826
30.7289469242
31.3172280788
30.872344017
30.9359681606
30.968515873
31.0093488693
30.6839120388
30.7191081047
31.2934148312
30.6300551891
30.4620249271
30.9284861088
30.6325330734
30.7566640377
30.6264801025
31.2484850883
30.3523738384
30.6962249279
30.4623830318
30.6887369156
30.2998969555
30.6080861092
30.3859910965
30.3390750885
30.3836250305
30.2955248356
30.4797627926
30.1793260574
30.2149560452
30.1306200027
30.2558631897
30.3406610489
30.4740669727
30.0801401138
30.37611413
30.384344101
30.5152177811
30.2766978741
30.2214801311
30.3220129013
30.0038359165
30.4425530434
29.9676959515
30.0859079361
29.9446380138
30.0089709759
29.8487670422
33.62991786
33.7317481041
33.3119301796
33.3445999622
32.9584889412
32.9085860252
32.477148056
32.5783250332
32.5514359474
32.681303978
32.3432328701
32.2864561081
32.3487541676
32.5460281372
32.2057058811
32.2002019882
32.2563040257
32.1570088863
31.9496910572
32.1725320816
32.1644599438
32.5882649422
31.8232731819
31.6474809647
31.8232238293
31.5803329945
31.5168869495
31.4232959747
31.9553878307
31.3703110218
31.5860958099
31.4583060741
31.4078950882
31.5124440193
31.050978899
31.2506930828
31.303404808
31.7138659954
31.3791151047
31.4008901119
31.276955843
31.2310070992
30.9893028736
31.3756358624
30.9587748051
31.6005151272
30.6697320938
30.9984529018
30.7767281532
30.3782560825
31.4993569851
30.6140789986
30.8272180557
31.0901319981
30.7287778854
30.4070079327
31.0845069885
30.6143620014
30.614374876
30.8045070171
30.39447999
30.4543368816
30.7641160488
35.9033958912
30.3717830181
30.9663140774
30.3293530941
30.7677538395
30.68998909
30.2818319798
30.4871320724
30.377931118
30.260201931
30.5071339607
30.2013177872
30.0934579372
30.6631138325
30.2266731262
30.0755629539
30.5079450607
30.1709969044
29.9061748981
30.8571131229
29.9220759869
29.9776051044
30.456346035
29.9212968349
30.0777111053
30.12830019
29.8289289474
30.1834490299
29.9215199947
29.9941599369
30.0670580864
29.6724720001
29.9342710972
31.5066680908
29.9743309021
31.0707089901
29.8479890823
33.2020280361
33.0961539745
36.2757868767
32.8678460121
32.8531701565
32.8069038391
32.9144358635
32.5002598763
32.8543579578
32.6501131058
33.9023690224
32.6243400574
32.6188840866
32.0664319992
32.0913341045
32.0037591457
32.11322999
32.347383976
31.76390481
31.729793787
31.6885108948
31.9817869663
31.6673440933
31.2851760387
31.5732750893
31.572188139
31.5756289959
31.4506070614
31.264154911
31.472397089
33.6338889599
31.7496211529
31.0639629364
31.3808560371
31.625524044
31.2010440826
31.404433012
31.3841900826
31.3060779572
30.7614450455
31.0522270203
31.3403871059
30.7022409439
30.8276131153
30.8555278778
31.19851017
31.4491782188
30.7073450089
30.6921150684
30.8241510391
30.7954628468
30.5678257942
31.0232830048
31.5690629482
32.0718660355
30.7612540722
31.3253180981
30.6834290028
30.8016149998
30.9015800953
31.301429987
31.3134949207
30.7607371807
30.9648640156
30.7439620495
30.7168209553
30.8549759388
30.7105929852
30.5467679501
30.6418068409
30.7794070244
30.3036830425
30.5500299931
30.5489571095
31.4234068394
30.1081168652
30.3754720688
30.159981966
30.2937390804
30.8009440899
30.4802370071
30.7047650814
30.6397669315
30.4886701107
30.4714119434
30.4418671131
30.7335031033
30.0163960457
30.458398819
30.4480528831
30.5109379292
30.5877921581
31.3039739132
30.4416949749
30.2206699848
30.2453849316
30.7631599903
29.962474823
30.3907458782
30.2856431007
33.9481978416
34.0153100491
33.5323960781
33.7840900421
33.3711588383
32.9849081039
33.1439769268
33.2506568432
32.9297089577
32.6456818581
32.7457180023
32.6884179115
32.2515258789
32.5115699768
32.3565180302
32.3457219601
32.1501779556
32.2043619156
31.8373548985
31.8289020061
31.997081995
31.8186690807
31.8062801361
31.7672770023
31.4737401009
31.6896588802
31.7829580307
31.8356230259
31.3568999767
31.4587600231
31.6309800148
31.5741531849
31.6868097782
31.4446680546
31.2417547703
31.5155339241
31.3970458508
30.9838328362
31.4064438343
30.7123599052
32.0734889507
30.8653149605
30.9550409317
31.0523638725
31.0037090778
30.8608930111
34.1700749397
30.9395570755
30.7817268372
31.0308890343
31.0439679623
30.8897471428
30.8332529068
30.7977871895
30.8605530262
30.741533041
30.6680400372
30.8624207973
30.8776350021
30.7801709175
30.5136950016
30.7869420052
30.6426391602
33.0457599163
30.5495131016
30.6343719959
30.8350989819
30.7518639565
30.6431221962
30.9807398319
30.3441200256
30.6579577923
30.5563509464
30.5784819126
30.4873449802
30.5462069511
30.2480688095
30.5195138454
30.435199976
30.7683160305
30.5776538849
30.0797770023
30.1491661072
30.342979908
30.2135670185
30.1176269054
30.4755539894
30.066847086
30.3612241745
30.3942420483
30.3257038593
30.3525359631
30.1685810089
30.3532569408
33.2826890945
30.1564309597
30.0680158138
29.9284920692
30.2304620743
29.9132189751
