Experiment Results
10.574906826
5.27468204498
5.28411817551
4.58627104759
4.80197882652
4.43670296669
4.51741790771
4.61744904518
4.48032402992
4.28263187408
4.34452104568
4.40467596054
4.53716182709
4.11905503273
4.29086995125
4.13261198997
4.28100800514
4.01635289192
4.30989098549
4.06760907173
4.36626887321
3.86741304398
4.28818416595
4.11041593552
4.07718586922
4.08911705017
3.78718304634
4.09743499756
4.00030994415
3.87021517754
4.06044912338
3.84814500809
3.78014206886
3.99489402771
3.83286309242
3.99745702744
3.84862089157
3.79491186142
3.86266994476
3.85451507568
3.59546089172
4.16246509552
3.59766507149
3.62121891975
3.80031085014
3.77573013306
3.78145503998
3.62665700912
3.76276111603
3.63504815102
3.91240000725
3.57215714455
3.57744288445
3.81261396408
3.60445094109
3.65274000168
3.71618509293
3.64455509186
3.70686984062
3.61008810997
3.61710000038
3.55336618423
3.68989181519
3.51048994064
3.63832998276
3.57045292854
3.70039200783
3.59500098228
3.56046915054
3.72968292236
3.61204504967
3.62649893761
3.66485190392
3.39126014709
3.67743992805
3.5474550724
3.59546899796
3.62922906876
3.60884094238
3.39025187492
3.61949491501
3.35747504234
3.61230897903
3.55544400215
3.645165205
3.3725528717
3.63295793533
3.57224583626
3.38239002228
3.49790501595
3.69498991966
3.42649197578
3.58141899109
3.51774406433
3.45407700539
3.40415596962
3.49046206474
3.60850596428
3.37067008018
3.43387699127
7.52814388275
5.9139790535
5.20976996422
4.80198693275
4.49358987808
4.78511786461
4.39766788483
4.59291791916
4.50271987915
4.28936696053
4.55070495605
4.31947898865
4.30876207352
4.28364396095
4.13046002388
4.26319003105
4.28115987778
3.98718500137
4.29077601433
4.09303402901
4.14761090279
4.00285005569
4.23093104362
4.00458598137
4.20048284531
4.08840990067
3.98909592628
4.09679794312
3.77669215202
4.19174790382
3.83752584457
3.86464118958
3.8052880764
4.0680680275
3.80273413658
3.79074907303
3.78932404518
3.99185705185
3.83617210388
3.84457588196
3.69605398178
3.80067515373
3.98848700523
3.59615707397
3.67874193192
3.92511916161
3.6271109581
3.87851810455
3.57033610344
3.81694698334
3.57810997963
3.80473589897
3.63742494583
3.65704298019
3.81880807877
3.62861800194
3.60112786293
3.56487011909
3.58100318909
3.61865091324
3.7366271019
3.56033778191
3.63303613663
3.74585986137
3.61704206467
3.57497596741
3.60175704956
3.61034297943
3.61217308044
3.57767796516
3.66328287125
3.41343307495
3.79250597954
3.39609003067
3.6024210453
3.66995811462
3.5891699791
3.49912405014
3.59807705879
3.61650419235
3.34609508514
3.76148986816
3.37969183922
3.52749681473
3.61582994461
3.39836883545
3.59923195839
3.49701786041
3.61402082443
3.43219208717
3.6749689579
3.35032296181
3.35037708282
3.58899998665
3.66114020348
3.37101221085
3.35800480843
3.65885305405
3.38563108444
3.3551158905
7.72273421288
5.81473398209
5.1829419136
4.69641399384
4.79972100258
4.52769088745
4.53907513618
4.48194789886
4.52625894547
4.47303891182
4.30382394791
4.37480211258
4.27660298347
4.43116092682
4.3038110733
4.05827903748
4.30311393738
4.07943201065
4.33005785942
4.06909608841
4.08905792236
4.13025307655
4.06766200066
4.19661021233
4.0809211731
4.07285118103
3.78558683395
4.08037996292
4.01926994324
4.05869698524
3.84754776955
3.77428984642
4.08345603943
3.779722929
3.8126950264
4.00995802879
3.77867889404
3.88537788391
3.95324802399
3.80732989311
3.82606387138
3.79391098022
3.58787083626
3.91333913803
3.77796983719
3.61471915245
3.78525805473
3.78105807304
3.62557196617
3.79162216187
3.69367098808
3.77289199829
3.58905005455
3.63382196426
3.69991803169
3.64120793343
3.80809211731
3.56335091591
3.6454808712
3.62327003479
3.60109782219
3.55491685867
3.88774394989
3.42567610741
3.60308814049
3.57270503044
3.67803406715
3.63133215904
3.60880994797
3.54983091354
3.74430513382
3.61153697968
3.46255493164
3.78303694725
3.39115214348
3.6189160347
3.54695606232
3.59745597839
3.50149202347
3.50902891159
3.58926010132
3.49376797676
3.61807799339
3.55704021454
3.60387611389
3.39931297302
3.58191299438
3.6363260746
3.37580299377
3.59965705872
3.4166200161
3.60209608078
3.37424111366
3.5353500843
3.62716603279
3.35455298424
3.51209783554
3.54212594032
3.37263298035
3.5739979744
7.49253106117
5.75101208687
5.37418198586
4.60070109367
4.73058891296
4.51506900787
4.57928395271
4.56638717651
4.56758713722
4.28080105782
4.49204993248
4.23822188377
4.36522603035
4.31128787994
4.28780198097
4.26868104935
4.04394102097
4.22040510178
4.13029813766
4.10997200012
4.19623208046
4.06373691559
4.1123650074
4.18698787689
4.1108481884
4.08967399597
4.08100700378
3.96650409698
3.79478907585
4.18077993393
3.9243979454
3.84837079048
3.86512684822
3.76884913445
3.92511796951
3.96223402023
3.79403686523
3.78505682945
4.05646514893
3.5225880146
3.95926594734
3.87031698227
3.87258696556
3.60088014603
3.78785300255
3.80703902245
3.58619809151
3.7788541317
3.82859015465
3.5897371769
3.80783104897
3.58199095726
3.68295907974
3.79629397392
3.61711096764
3.55344700813
3.79368591309
3.59888601303
3.58900117874
3.59840798378
3.78451299667
3.59809994698
3.63421201706
3.54742383957
3.63206505775
3.65901303291
3.60436797142
3.58919692039
3.58012199402
3.57721495628
3.58510017395
3.58937191963
3.59715890884
3.57808494568
3.56395602226
3.63916516304
3.54739689827
3.60074090958
3.59350991249
3.58661413193
3.38150787354
3.61175394058
3.67445111275
3.40405201912
3.60926198959
3.57988095284
3.42336201668
3.54767298698
3.63682699203
3.41918611526
3.34760808945
3.65368890762
3.53260993958
3.40343093872
3.64695501328
3.32790398598
3.62273693085
3.38314390182
3.42242193222
3.37557411194
7.71716690063
5.81071090698
5.16400694847
4.71282505989
4.79418516159
4.46534490585
4.50529503822
4.71165108681
4.27846622467
4.47403097153
4.49369907379
4.29909396172
4.29828596115
4.30178022385
4.08681488037
4.28149390221
4.29838609695
4.18381309509
4.01275110245
4.16485190392
4.32409214973
4.03905892372
4.02688097954
4.33212590218
3.84195423126
4.10587000847
4.10033488274
4.07165884972
3.78086304665
4.0123360157
3.82895898819
4.06093907356
3.80812501907
3.78019690514
4.14721798897
3.87039709091
3.77245903015
3.76223111153
3.84782886505
3.80526399612
3.83812499046
3.80302405357
3.80013799667
3.76216006279
3.71609401703
3.8268558979
3.5675330162
3.89445590973
3.6317460537
3.88936686516
3.56317591667
3.76807403564
3.59440088272
3.88370084763
3.67756891251
3.61683297157
3.63291406631
3.54601502419
3.63136100769
3.59226298332
3.78000807762
3.67761802673
3.64790606499
3.37877488136
3.60150313377
3.7056210041
3.5658531189
3.5863878727
3.62441802025
3.57266712189
3.64740920067
3.58023691177
3.59550786018
3.67929410934
3.58055591583
3.63150787354
3.3566801548
3.57238388062
3.70965003967
3.61867904663
3.37745094299
3.70835113525
3.40960001945
3.57008314133
3.37405586243
3.61320710182
3.60473012924
3.4189620018
3.67177200317
3.39504480362
3.56030297279
3.37104296684
3.69224214554
3.31888508797
3.6451728344
3.33530306816
3.60928893089
3.34691095352
3.52943897247
3.39854192734
7.81721401215
5.62356591225
5.36867499352
4.6903629303
4.56476211548
4.44636082649
4.72353291512
4.38035607338
4.52174282074
4.37670683861
4.48422718048
4.49978399277
4.30984091759
4.10633587837
4.30014491081
4.16677188873
4.2854449749
4.11326313019
4.27140188217
4.00544190407
4.09312081337
4.27774906158
4.0263838768
4.08182907104
4.10107898712
4.08341598511
4.05055093765
4.02118992805
3.79701495171
4.10881495476
3.83503699303
3.81896686554
4.07074689865
3.83053207397
3.79094600677
4.10499000549
3.78010010719
3.78306007385
3.86342096329
3.84667801857
3.82610487938
3.85262584686
3.79755997658
3.60179686546
3.78608798981
3.83438491821
3.76318001747
3.61594200134
3.7932600975
3.57547283173
3.78672099113
3.78704094887
3.84420490265
3.58413600922
3.60042786598
3.59036803246
3.88871693611
3.35444402695
3.71391010284
3.59851503372
3.60576105118
3.71247005463
3.59580802917
3.569190979
3.81047415733
3.56763911247
3.60439610481
3.59072709084
3.61298298836
3.58431792259
3.53662109375
3.60829496384
3.67157912254
3.49865198135
3.56494402885
3.64251995087
3.54733610153
3.56987786293
3.59310603142
3.652531147
3.36310720444
3.46478295326
3.762362957
3.33142399788
3.6163611412
3.5711619854
3.39680194855
3.6229569912
3.37718009949
3.60895895958
3.57598996162
3.42581987381
3.64739012718
3.30490899086
3.53729820251
3.54330301285
3.57542800903
3.35090088844
3.58565306664
3.39329719543
