Experiment Results
35.8535580635
32.7576241493
32.5667819977
32.7885410786
32.2447769642
32.4652528763
31.8784220219
32.4475929737
31.877797842
31.659610033
32.204144001
31.8597919941
31.7817511559
33.7170658112
32.4011340141
32.0520370007
31.4699640274
31.9810979366
32.1523549557
33.5875821114
31.4284870625
31.5532479286
31.4673810005
31.276966095
31.5900070667
31.8064851761
30.895870924
30.7101569176
32.1217060089
31.0105950832
30.9528748989
30.9777309895
31.1745390892
30.6679289341
31.8507599831
30.9491050243
31.1722459793
30.5608160496
30.776460886
31.2306292057
30.4258100986
30.8829278946
30.5966751575
30.6877288818
30.5494539738
30.6860790253
30.4680781364
30.1808438301
30.4540660381
30.4216098785
30.293500185
30.8888139725
30.4851899147
31.0130271912
30.701928854
30.3290951252
30.7003550529
30.2097759247
30.7917020321
32.2055950165
30.5930850506
29.9727480412
30.0743579865
30.0111420155
30.1813759804
29.8499560356
29.9151260853
30.5112960339
29.9956688881
30.4003031254
30.3959369659
30.1214618683
30.2776229382
29.9330339432
30.409060955
30.2605619431
29.94658494
30.1960401535
29.8652260303
29.5446898937
30.1830899715
29.5888988972
30.439866066
29.9921019077
29.4696040154
29.9039871693
29.8043930531
29.5544300079
29.872508049
35.1343050003
29.5119988918
29.9594221115
29.3895318508
30.1012167931
29.2246828079
29.9566950798
32.0298111439
29.8116531372
29.6451430321
29.8063511848
33.0400159359
32.5831971169
32.4287030697
45.3701190948
34.5523741245
32.334414959
32.3631439209
32.1218500137
31.8881239891
32.0618050098
32.9460101128
31.8685810566
32.3572430611
32.3161299229
31.6408069134
32.055426836
31.5643270016
31.0678808689
31.8189651966
31.4338438511
31.4570579529
31.1925759315
31.435945034
31.5686848164
31.2606399059
30.9566419125
31.5879819393
33.2229921818
30.8517928123
31.6692171097
30.8222000599
30.9199039936
31.7418570518
30.9507470131
31.0742220879
31.603017807
31.4655311108
30.7093930244
30.9256420135
30.632475853
30.4655668736
31.0072479248
30.449942112
30.9706258774
30.2837488651
31.4211981297
30.7645797729
30.7957160473
30.2405359745
30.2867591381
30.7779510021
30.1618740559
30.9761981964
30.0519011021
30.7335350513
30.4040961266
30.5754618645
40.6294829845
31.2736520767
30.2288000584
30.1588330269
30.7247681618
30.0481581688
30.0167820454
30.9887721539
29.9730019569
30.042730093
30.2279310226
30.050634861
30.3373248577
29.7889180183
33.6027178764
31.0274422169
29.9244699478
29.6834421158
29.7742128372
30.5420119762
29.6806759834
30.6995141506
29.5104501247
30.0113978386
29.612787962
29.6374359131
29.5676457882
29.5170071125
29.5495491028
30.313699007
29.873360157
29.7987658978
29.6469080448
29.5815758705
29.8922891617
29.3767499924
29.5846581459
29.8507349491
29.4729700089
30.1626191139
29.3776531219
29.6562931538
29.7602238655
32.6866979599
47.2240571976
32.6602218151
32.2846081257
32.2589318752
32.8435268402
32.254486084
34.8548119068
32.0664420128
32.2373018265
31.9919400215
46.9191901684
32.1329958439
31.966835022
31.6700079441
31.9052870274
31.7719190121
31.4615211487
32.2590801716
31.7170348167
31.7565820217
32.3381779194
31.3449978828
30.8766579628
31.1662728786
30.8975799084
31.6323158741
30.9600009918
31.663531065
30.8440480232
31.2725319862
31.0514659882
30.9405910969
30.8877761364
30.8915889263
30.5590322018
30.6812589169
34.5875799656
31.1418030262
30.4883790016
30.9338719845
30.3563520908
30.7305629253
30.2336359024
30.7234089375
31.895911932
30.6917688847
34.86551404
30.2528779507
30.7580080032
30.1817879677
30.6588568687
30.9041891098
30.8662800789
30.3532958031
35.9802360535
30.6416699886
33.3084561825
30.4238939285
29.9464700222
30.0582070351
30.2312860489
29.7583930492
30.3150341511
29.9279298782
30.0930960178
30.7405400276
30.0945188999
30.464042902
30.0324339867
30.0920231342
29.8884959221
31.1625630856
30.7170200348
29.6856560707
30.7801020145
30.4109590054
30.9976918697
30.0215070248
29.6763529778
29.9433498383
29.6786291599
29.7480409145
29.8769490719
29.4735579491
29.7660138607
31.3865149021
29.784640789
29.9768080711
29.8530681133
33.800465107
29.5042929649
30.1832611561
29.3762388229
29.9366018772
29.6839621067
29.9179010391
29.6972692013
29.4068760872
29.6867778301
32.8316979408
33.008548975
34.1023390293
32.45591712
33.2308399677
32.6353080273
32.128937006
32.1512019634
32.3604819775
34.4841811657
32.3646669388
31.9336371422
31.7131278515
31.8490209579
31.7888019085
32.8974618912
31.1710000038
31.2866709232
31.7145209312
31.5838310719
31.073307991
31.5483160019
31.1923859119
30.79144907
31.2187190056
31.3865308762
31.1798968315
31.3664321899
30.862046957
31.5169968605
31.7654089928
30.8451600075
30.4921479225
31.5406699181
31.0227639675
30.5939230919
30.9743988514
35.4970068932
31.3881468773
30.5811359882
30.8911688328
30.4285581112
30.9304380417
30.3323121071
30.4369180202
31.8922688961
30.3131110668
30.5085420609
30.2290768623
30.4699258804
30.4860389233
30.4779069424
30.774148941
33.109568119
30.2581529617
30.2592909336
34.5289230347
30.9084179401
30.2778618336
30.5393571854
29.8941318989
30.2896280289
30.6079180241
30.4104249477
30.082144022
30.4491429329
30.2475409508
29.8071780205
30.6606478691
30.0303509235
29.8912351131
30.3598780632
30.0016059875
30.1244881153
29.6718690395
30.1688170433
31.1956651211
29.6881120205
29.7682209015
29.6235191822
29.6639370918
29.7915451527
30.2516999245
29.7140729427
29.7936089039
29.5278148651
29.7749791145
30.3557639122
32.0244510174
29.9094190598
29.8345370293
30.2573759556
29.4544150829
30.1587951183
29.4590811729
29.8240981102
29.2586808205
29.5186400414
29.4131259918
30.7560770512
33.1851341724
33.3600270748
32.6743590832
32.4393439293
32.4558639526
32.7385101318
32.1272361279
33.8724257946
33.3226118088
32.3236608505
31.966821909
31.6927330494
32.0957551003
31.8536729813
32.8580288887
31.8905370235
31.1205010414
31.7705709934
33.3510231972
31.3109281063
31.964402914
31.5577640533
30.9421300888
31.2558889389
31.3619349003
31.174036026
31.4474852085
31.6160879135
30.8282980919
31.0235278606
31.1099121571
30.9931089878
33.0355751514
31.4714848995
30.6268539429
31.0703649521
30.9941661358
30.5608639717
30.5723240376
40.418710947
30.3518190384
30.9075140953
30.936218977
31.1281971931
30.4792728424
30.7458939552
31.3209350109
33.0258049965
30.7774338722
30.4467000961
30.4392910004
30.5843269825
30.0683059692
30.6610848904
30.3427650928
30.6775419712
30.0293400288
30.1121439934
30.6839740276
29.8301420212
30.8049361706
32.0465891361
30.1996569633
30.2772660255
30.1642580032
30.3347058296
31.7319178581
29.9010770321
29.7770490646
30.5675151348
29.6465508938
29.7938449383
30.0859510899
29.8353469372
29.575786829
29.9574520588
29.5336079597
29.6961650848
31.3862681389
30.1246089935
29.5866320133
30.3634979725
29.6781079769
29.8768210411
29.6676590443
29.4602780342
30.0973889828
29.6761260033
29.6358339787
30.0346050262
29.4504699707
30.1570689678
29.2659451962
29.6164550781
29.7688779831
30.1707570553
29.4880490303
29.1668829918
29.3589639664
29.3520750999
32.5823521614
33.0690729618
32.9730010033
33.1824140549
32.9469230175
32.1943120956
32.3495430946
32.2611069679
32.3913898468
31.9324319363
31.9485900402
32.911452055
31.9694828987
32.2774310112
32.1422140598
31.5713829994
32.1507079601
31.6281251907
31.5081419945
31.793599844
31.7388949394
30.8626489639
31.3882570267
32.1120920181
31.2685711384
31.5261399746
32.909430027
31.5844900608
31.0852971077
30.8269767761
31.3595049381
31.3113720417
31.0706489086
30.825083971
30.6040279865
31.1765260696
30.6539669037
31.4632561207
32.9177670479
30.2156150341
31.1831541061
30.3616700172
30.5059969425
33.7946438789
30.5657820702
30.4580318928
30.7268030643
30.360035181
30.2231831551
30.6300299168
30.1586670876
30.3891119957
30.4327321053
30.1192171574
34.7935490608
30.7806041241
32.303828001
30.4617600441
30.1072909832
29.8395299911
30.6769988537
29.9549489021
32.6888639927
30.1524188519
30.0536339283
30.6099050045
29.8995299339
30.3329298496
29.8886671066
30.5267839432
31.5443880558
30.5453839302
29.8786480427
30.2290010452
30.1887850761
29.7215569019
30.2690088749
29.694685936
30.3656640053
30.0474739075
30.5796570778
29.8863549232
30.314622879
29.8663909435
29.6718959808
29.7768847942
30.2802460194
30.633564949
29.920178175
30.1635839939
29.6425540447
29.8950171471
33.4900200367
29.4839859009
29.4465041161
29.9767739773
29.0628108978
30.1959969997
29.6395659447
31.6036500931
