Experiment Results
34.6444840431
30.9801220894
30.7107682228
31.5004270077
30.6093940735
31.3997719288
30.3811831474
30.6232011318
30.7689418793
30.6160268784
30.2459421158
30.118765831
30.2479951382
30.056951046
30.1356418133
30.1354560852
31.1917049885
29.9021151066
29.6563248634
29.6581268311
29.7063770294
29.4415841103
29.3463571072
29.3766248226
29.4421389103
29.2665801048
29.2174551487
29.30103302
29.7196309566
29.2287020683
29.175590992
29.3157639503
29.0262777805
28.9964821339
28.9536600113
28.8367269039
29.0022809505
28.7972049713
28.9119749069
28.7407958508
28.7476899624
29.5513949394
29.7940459251
28.6405551434
29.6072471142
28.6062598228
28.6903748512
28.5834949017
28.5030770302
28.5912399292
28.5883660316
28.6435940266
28.4972748756
28.4804470539
28.5924539566
28.5266530514
28.592457056
28.5453591347
28.4037148952
28.5352518559
28.5167038441
28.4192020893
28.8144052029
28.2228088379
28.3201320171
29.1184689999
28.4304878712
28.4140679836
28.3035829067
28.1384019852
31.8540680408
28.2946400642
28.2543838024
28.0468358994
28.0409100056
28.2952978611
28.1656041145
27.9233701229
28.1161499023
28.0313282013
27.9823870659
28.037003994
28.1660318375
28.4571080208
29.1615028381
27.9458110332
28.3471078873
28.1749360561
27.7722120285
27.7794208527
27.6937050819
28.0969810486
27.7598838806
27.8604459763
27.5681781769
28.5704319477
27.7702381611
27.926104784
27.6075499058
27.6460988522
31.0449709892
31.9986181259
30.8755450249
30.6556589603
30.6821410656
30.5674538612
30.2823040485
30.6586592197
30.1886761189
30.2041268349
30.5907020569
30.3914110661
30.8032779694
30.0538768768
30.1235480309
30.1791338921
29.7516570091
29.8037319183
29.5441029072
32.1734249592
31.9963760376
29.4723968506
29.4217429161
29.4186041355
29.3555037975
29.2907888889
29.2042548656
29.2280049324
29.1237769127
29.1694698334
29.2129259109
30.7431840897
29.1594450474
29.0846300125
28.9547100067
29.0197649002
28.9416561127
30.2219510078
28.7176280022
28.7360539436
28.7450909615
30.016628027
28.8705968857
28.6896908283
28.7763500214
28.6189570427
28.5267119408
28.4977619648
30.9036388397
29.4818348885
31.2578709126
28.5384550095
28.5129468441
28.3661959171
28.5136649609
28.4928488731
31.6379990578
28.3749220371
28.3749830723
28.573086977
28.4869799614
28.5600550175
28.3452289104
28.4213387966
28.2972719669
28.2914409637
28.3438560963
28.1174449921
28.3094491959
28.3238501549
28.2142348289
29.3625078201
28.9974529743
28.0682501793
28.1340339184
27.9690132141
27.9933509827
27.9218058586
27.9661209583
28.1107771397
27.8887090683
28.0384559631
28.4207398891
28.532886982
27.9206941128
27.7260260582
27.8446209431
27.7330110073
27.9122321606
27.730173111
28.0527908802
27.9551789761
32.3115401268
27.6944169998
27.590914011
27.5464990139
27.7016091347
27.5339040756
27.6542708874
27.4151639938
31.0416200161
31.0041499138
30.5966498852
30.7515690327
30.9871351719
30.940721035
31.4552512169
31.327311039
30.277962923
30.0209319592
30.1959571838
30.0482680798
36.2412669659
30.4147970676
30.3453381062
29.9722809792
31.9934020042
29.6659529209
29.5868740082
29.5937459469
29.4676399231
29.4621150494
29.3235938549
29.475933075
29.3778700829
29.315114975
30.520606041
29.2540271282
29.2776060104
29.1136629581
30.4232800007
29.0986070633
28.9561049938
29.0215060711
29.673938036
29.0463302135
28.9834198952
28.8271760941
29.5161259174
28.6676468849
28.8403170109
28.6660060883
28.8282999992
28.7518458366
28.7042851448
28.4321639538
28.5878839493
28.6216769218
28.6853120327
28.4942209721
28.6084208488
28.4162697792
28.3879330158
28.5670289993
28.4642789364
28.4673140049
28.4306719303
28.3447749615
30.8171799183
28.4347829819
28.4681952
28.3807470798
28.3216018677
28.3054389954
28.2464110851
28.1397898197
28.3127129078
28.2410769463
28.281170845
28.2106449604
28.1596660614
28.2076640129
28.0943009853
28.0128071308
28.0382180214
27.9220879078
28.0659198761
27.9692981243
27.9449841976
28.0818181038
27.9735441208
27.951772213
28.2193629742
27.9479420185
27.7675230503
27.8413770199
27.7310750484
28.0282130241
27.8732190132
28.3085649014
27.8171880245
27.8291261196
27.7334229946
27.6557970047
27.6350398064
27.7165648937
27.7169408798
27.6889650822
27.7916929722
27.4393939972
31.0991749763
31.0923790932
30.7314741611
30.764508009
30.4466202259
30.5519170761
30.33207798
30.5390851498
30.3343291283
30.3518168926
30.0924010277
29.9528200626
30.1810030937
30.0515050888
29.9787940979
29.9600169659
29.7135689259
29.6815941334
30.10202384
29.6525919437
29.6491580009
29.2844040394
29.3653390408
29.3903930187
29.3405919075
29.2090270519
30.0024528503
29.4808349609
29.185931921
29.2090530396
29.1509349346
29.0422079563
29.2093720436
28.9979958534
28.9230749607
28.8192269802
30.3413670063
31.4826960564
28.7327148914
28.6248719692
28.9148271084
28.7857980728
28.7562909126
28.8236780167
28.5339319706
28.556855917
31.171626091
28.6533858776
29.6256501675
28.5384869576
29.468973875
28.4548051357
28.4022130966
28.3609440327
28.7670590878
28.7817721367
28.4608170986
28.3764071465
28.4275610447
28.3784418106
28.3049781322
28.460160017
28.2210941315
28.2972519398
28.3135969639
28.2628719807
31.4511859417
28.2390060425
28.2106399536
28.0045831203
28.2837500572
28.1677949429
28.1570949554
27.9746119976
28.1576690674
27.9396271706
27.9904031754
28.007488966
27.8893511295
27.8971018791
27.9325489998
28.2158470154
27.9834780693
27.7735800743
27.9315290451
27.7482831478
27.9076550007
27.871942997
27.7983448505
27.7540090084
27.9234790802
27.7844948769
27.8186979294
28.1779811382
27.7679700851
27.5476090908
27.7333610058
27.5245950222
27.648389101
27.5993771553
31.0103490353
30.9820399284
30.7174391747
30.5906331539
30.6223039627
30.6064219475
30.2331769466
30.6864550114
30.1926569939
30.0088300705
30.1916220188
30.1994869709
30.0678310394
30.075232029
30.4800679684
30.1705420017
30.6578948498
29.9297580719
29.8038420677
29.5570631027
29.6195888519
29.4179830551
29.8508169651
29.5722570419
29.3564109802
29.4363110065
29.9960241318
29.2034409046
29.3378920555
29.2882361412
29.1354789734
29.150810957
29.0673980713
28.9403889179
28.9105298519
29.0032320023
28.8865308762
28.9900319576
28.814759016
30.4923961163
29.475922823
28.5906379223
28.7890498638
28.6278908253
28.7128629684
28.5656580925
28.5180768967
28.5546681881
28.6257719994
28.5533349514
28.5663380623
30.8121621609
49.4900100231
28.4629409313
28.5582389832
28.5360639095
28.3639740944
28.6734719276
28.342443943
28.3733079433
29.8869850636
28.4067897797
28.1685631275
28.307682991
28.1189451218
28.2473449707
28.1869831085
28.3034818172
28.3231811523
30.670181036
28.1565659046
28.3159861565
28.2026259899
28.1307151318
27.9943680763
29.0232739449
28.0828840733
27.9496109486
27.956911087
28.1893088818
28.0322890282
28.7339820862
27.9373729229
27.9235091209
27.8111298084
27.8719828129
27.8399391174
27.954433918
27.8843111992
27.8660740852
27.9766368866
27.9079787731
27.910793066
27.695857048
27.5575180054
27.7656390667
27.6003198624
27.6438939571
27.5504779816
27.7037489414
31.0775089264
31.0169157982
33.1181969643
30.5988149643
30.5421910286
30.6601631641
30.3528850079
30.5509998798
30.2222809792
30.1067938805
30.0481760502
30.315125227
30.1716330051
30.0573070049
30.0838270187
30.0634758472
29.5550839901
29.6998479366
29.5616698265
29.5881619453
29.492470026
29.4606750011
30.5272581577
29.1815698147
30.8059699535
29.2317111492
29.3077230453
29.2273259163
29.2554271221
29.1681501865
28.9904389381
29.1858408451
28.9758999348
32.8478450775
28.9812531471
28.8737428188
28.8430957794
28.8197329044
28.6788051128
28.7347810268
28.6242079735
28.6064300537
28.6177608967
28.578289032
29.9403932095
28.7278499603
28.5095689297
28.6095168591
28.5631108284
28.4300119877
28.4703810215
28.4039199352
28.3748371601
29.3063290119
29.258439064
28.5229189396
30.3327829838
28.372027874
28.3436980247
32.2010469437
28.3208248615
28.3440618515
28.3318219185
28.3950121403
28.1580889225
28.3253638744
28.6974411011
28.1979751587
28.342083931
28.192291975
28.2292509079
28.2064938545
28.1342561245
28.2999489307
28.151252985
28.0531048775
27.9804060459
27.9848492146
28.0531990528
28.4194040298
27.9552111626
28.0266039371
27.9375009537
28.5382299423
29.1594600677
27.86084795
27.7527410984
27.9224541187
27.9161441326
28.4212579727
28.57888484
28.4400439262
27.7554709911
27.6816370487
27.5981850624
27.6804180145
27.5191321373
28.2101020813
27.9619269371
27.6613340378
