Experiment Results
87.00661498121917
71.46102062612772
65.3517239280045
53.081457670778036
50.382417840883136
48.374653555452824
48.06837145611644
37.671354776248336
37.01776705682278
36.7896167896688
36.46245687827468
34.804887564852834
34.050213884562254
33.66820233501494
33.50468187779188
32.007376313209534
31.677186012268066
31.546909734606743
30.786450546234846
30.845677491277456
30.07805130816996
30.15958114899695
29.855134462937713
29.61540257744491
29.28921057842672
28.633441919460893
28.528868773952127
27.682903664186597
26.352962397038937
26.30625686608255
25.88774403743446
24.800043124705553
24.875458277761936
24.17359937913716
24.214973889291286
23.07096764072776
21.906904501840472
21.404897490516305
21.58307122811675
20.873178340494633
20.982142640277743
20.291172459721565
19.52228564955294
18.66534730233252
18.769419200718403
18.507422829046845
18.273660868406296
17.80077676475048
17.727475851774216
17.837168464437127
17.383725684136152
17.544314911589026
16.72090308740735
16.699523324146867
16.425565723329782
16.27035985700786
16.074879905208945
15.490146676078439
15.674214204773307
15.222118338569999
14.991805452853441
15.074253048747778
14.688110826537013
14.299064490944147
14.490777667611837
14.13831370510161
13.869532313197851
13.948292864486575
13.79561771824956
13.590873535722494
13.692864900454879
13.400836203247309
13.579998167231679
13.30700790695846
13.281294956803322
13.188647015020251
13.111726485192776
13.16956757567823
13.120503706857562
12.763647489249706
13.0737090613693
12.784647885710001
12.770694810897112
12.607265843078494
12.707968404516578
12.596888612955809
12.321244461461902
12.29223639331758
12.274219293147326
12.091998586431146
11.984562292695045
11.890015119686723
11.887445323169231
11.735860783606768
11.87376688607037
11.63043874129653
11.352551655843854
11.708820642903447
11.15429543145001
11.384149404242635
83.78501655906439
71.45661723427474
65.36336483433843
52.97961348481476
50.56489131972194
48.304546006023884
48.16873437911272
37.58728219382465
37.10294913686812
36.76719508692622
36.37192214280367
34.630328169092536
34.334885876625776
33.763083554804325
33.6052607614547
31.654135113582015
31.878190275281668
31.425253504887223
30.83554069697857
30.919962875545025
30.049928134307265
30.01050434447825
29.982768481597304
29.602138351649046
29.09046895802021
28.77751916088164
28.413629014045
27.775191091001034
26.387104023247957
26.4157043248415
25.90832439251244
24.717276630923152
24.998585956171155
24.066983465105295
24.163920734077692
23.148953279480338
21.781341571360826
21.586614483967423
21.38753141090274
20.878060111775994
20.997237799689174
20.322691710665822
19.65880186483264
18.70531775429845
18.44542995840311
18.685862271115184
18.228059655055404
17.70738739706576
17.773905714973807
17.72271193563938
17.663632242009044
17.347946409136057
16.58176391199231
16.73207969404757
16.58417115174234
16.216436840593815
16.12199974246323
15.646999970078468
15.493519363924861
15.174089008942246
15.194276601076126
14.95817250944674
14.760448293760419
14.359224012121558
14.212055180221796
14.12609144859016
14.152330039069057
13.880120009183884
13.665358688682318
13.705652175471187
13.605250524356961
13.488662766292691
13.474202817305923
13.328452598303556
13.350937746465206
13.311453402042389
12.890045493841171
13.211431741714478
12.974256079643965
13.080360004678369
12.888300122693181
12.870610661804676
12.696354245766997
12.820688074454665
12.665494345128536
12.616397423669696
12.204613806679845
12.229145515710115
12.097672499716282
12.20800488628447
11.859661489725113
12.010826893150806
11.972590178251266
11.806531988084316
11.600243652239442
11.596255311742425
11.485885361209512
11.394376756623387
11.382993679493666
11.273343853652477
84.04602934792638
71.40965292602777
65.24138084053993
53.271144764497876
50.35521912202239
48.297265036031604
48.20895456522703
37.640244560316205
37.05850260704756
36.770857540890574
36.362981863319874
34.72501022182405
34.2573670707643
33.672551181167364
33.50024691224098
31.760523887351155
31.877267176285386
31.390150094404817
30.988984247669578
30.583569990471005
30.306177895516157
30.071111883968115
29.99175296165049
29.379859395325184
29.386040411889553
28.51566517353058
28.585918428376317
27.59185235388577
26.438852420076728
26.383925495669246
25.787931624799967
24.954799074679613
25.02563478052616
24.19954818300903
23.83724508062005
23.1983480732888
21.899024760350585
21.612798750400543
21.28654190711677
20.985775424167514
21.174599723890424
20.033984573557973
19.448614798486233
18.938055044040084
18.52218853496015
18.530251923948526
18.265733655542135
17.899312641471624
17.65804037451744
17.90035636909306
17.686871165409684
17.095339665189385
16.841302562505007
16.66782982647419
16.57132925093174
16.094905376434326
16.12081342563033
15.629888350144029
15.37609931267798
15.273925993591547
15.144567308947444
15.036928756162524
14.73221098817885
14.349123621359468
14.230678098276258
14.251290580257773
14.213738722726703
13.694234205409884
13.66946705058217
13.924830596894026
13.395387716591358
13.581273380666971
13.674146015197039
13.136259892955422
13.293175909668207
13.193139055743814
13.177172219380736
13.115479864180088
12.99237791635096
13.121429860591888
12.705223405733705
12.902583787217736
13.056859267875552
12.524798536673188
12.728126311674714
12.49486249126494
12.24923842959106
12.39148317463696
12.171513240784407
11.987039929255843
11.975476067513227
12.060466842725873
11.804839307442307
11.799231242388487
11.77112302556634
11.54561522975564
11.48759295977652
11.311996521428227
11.430621534585953
11.331793338060379
83.82424796186388
71.56097767874599
65.26144532114267
53.12154112942517
50.38677562214434
48.31506386958063
48.19127546437085
37.607475312426686
37.16969582438469
36.66873131878674
36.4532029684633
34.70707826130092
34.24833995848894
33.74984924867749
33.444963531568646
31.899243554100394
31.730025738477707
31.485544690862298
31.05214332602918
30.701761754229665
30.001150459051132
30.213104298338294
29.941802671179175
29.494854694232345
29.306778294965625
28.576585164293647
28.54412428662181
27.607328545302153
26.604411089792848
26.36436221934855
25.69114514812827
24.918322429060936
24.827436922118068
24.352558981627226
23.967510670423508
23.142596723511815
21.715925805270672
21.695441974326968
21.286194188520312
21.07484282180667
21.112409530207515
20.124899573624134
19.560657208785415
18.818752247840166
18.553518045693636
18.4326734226197
18.287164932116866
17.858415761962533
17.785428436473012
17.654306337237358
17.642166007310152
17.360078351572156
16.612002566456795
16.77129533328116
16.57990081422031
16.118543054908514
16.185676895081997
15.609470570459962
15.530355436727405
15.25923791155219
15.206902811303735
14.749766951426864
14.866389421746135
14.439282897859812
14.2575040794909
14.08606613241136
14.090492947027087
13.807906301692128
13.882477346807718
13.71083588898182
13.574788872152567
13.509709132835269
13.48682863637805
13.31232038885355
13.268899567425251
13.280246052891016
13.001838479191065
13.046857031062245
13.046281205490232
13.216995470225811
12.751263437792659
12.918680032715201
12.852705029770732
12.612783007323742
12.606020420789719
12.66112164221704
12.407943284139037
12.19503809325397
11.966549634933472
12.196237690746784
12.003395769745111
12.101509304717183
11.813156308606267
11.690069507807493
11.670861098915339
11.774152889847755
11.365943605080247
11.301927737891674
11.66284953430295
11.132785499095917
83.82305110245943
71.70944324322045
65.21456692926586
53.107905903831124
50.55515383556485
48.29493084922433
48.07743641547859
37.49713925458491
37.27153660170734
36.54376517236233
36.47745479643345
34.710452718660235
34.47486702911556
33.65514058992267
33.316842287778854
32.039594281464815
31.628266105428338
31.42929050140083
30.92287741601467
30.74190000258386
30.192780109122396
30.184664357453585
29.869360661134124
29.284117855131626
29.34108390286565
28.7316921222955
28.609974374994636
27.73361912742257
26.33489177003503
26.368503348901868
26.01311954855919
24.79216811992228
24.773652646690607
24.207478143274784
23.973820358514786
23.12427666783333
21.94516111165285
21.260289976373315
21.542629212141037
21.238121269270778
20.822927681729198
19.953114561736584
19.713813414797187
18.812327831983566
18.666755314916372
18.40109357982874
18.38383487984538
17.795163329690695
17.66266624443233
17.892750902101398
17.51611671037972
17.19941872358322
16.851384902372956
16.709806421771646
16.5783687569201
16.11889486014843
16.048531191423535
15.655440414324403
15.65667943097651
15.171611294150352
15.03093358129263
14.932178121060133
14.89159988053143
14.355709441006184
14.17082341760397
14.26578444428742
14.055936174467206
13.697155432775617
13.939832113683224
13.49418411962688
13.809983901679516
13.419228877872229
13.682962087914348
13.126562528312206
13.186831045895815
13.447218472138047
12.87489154562354
13.151763761416078
13.135087510570884
12.961794666945934
12.977118149399757
12.688001042231917
12.732610335573554
12.786466246470809
12.542831312865019
12.769085055217147
12.317236598581076
12.097775487229228
12.418462309986353
11.910748645663261
11.953099938109517
12.034615308046341
11.890416635200381
11.668073514476418
11.569789987057447
11.617784114554524
11.68072552420199
11.192611860111356
11.484116261824965
11.444630624726415
83.89519117772579
71.63185574486852
65.33381725288928
53.18624732270837
50.43641071394086
48.27253484912217
48.21818743273616
37.380237041041255
37.306580539792776
36.68728024326265
36.32581267692149
34.82551175914705
34.075495997443795
33.76037562079728
33.465526666492224
31.8710973598063
31.697687270119786
31.622343072667718
30.97820934653282
30.5446238797158
30.059194354340434
30.15839764289558
30.0851963814348
29.341939318925142
29.493107311427593
28.49965181015432
28.670690113678575
27.670272523537278
26.32841026969254
26.364831686019897
25.87981951981783
24.926712742075324
24.949855513870716
24.144995510578156
23.78959230147302
23.425059773027897
21.648280626162887
21.599146243184805
21.327699549496174
21.195037692785263
20.854332875460386
20.316739913076162
19.441974261775613
18.863112283870578
18.583075353875756
18.586443094536662
18.128886561840773
17.9586182795465
17.790880797430873
17.629384299740195
17.67937172204256
17.345483746379614
16.685487819835544
16.81498756632209
16.36675737425685
16.369078190997243
15.870658200234175
15.69513856805861
15.431977400556207
15.237689008936286
15.168524324893951
15.07314471155405
14.652933279052377
14.352912666276097
14.293158877640963
14.213305972516537
14.02073317207396
13.924401642754674
13.644039014354348
13.702376268804073
13.676073675975204
13.526127645745873
13.488209061324596
13.35731259174645
13.114822128787637
13.195140298455954
13.106186665594578
13.056959567591548
13.030284402891994
13.247846139594913
12.738661624491215
12.757164105772972
13.089520258828998
12.664224408566952
12.482229351997375
12.799971416592598
12.170332573354244
12.41091225668788
11.86889062821865
12.071865497156978
12.001002974808216
12.065006764605641
11.910619881004095
11.81850822456181
11.671465808525681
11.585620259866118
11.591416750103235
11.236145857721567
11.612774128094316
11.223204223439097
