Experiment Results
87.06141939386725
71.3761292360723
65.42206703312695
53.078175788745284
50.34461371228099
48.329535046592355
48.166027853265405
37.725928938016295
36.977499291300774
36.591556349769235
36.55635640770197
34.76438573002815
34.15191887319088
33.67813480459154
33.66526535153389
31.789429269731045
31.689868496730924
31.476295931264758
30.88692406564951
30.79418059810996
30.082302732393146
30.209018383175135
29.859800215810537
29.378264218568802
29.5070440787822
28.487684661522508
28.593790283426642
27.796033145859838
26.27331085316837
26.249285833910108
26.16464756987989
24.72997295856476
24.892931105569005
24.1133494656533
23.961719470098615
23.287831226363778
21.678687697276473
21.498527951538563
21.54354839771986
21.030546214431524
21.033988950774074
20.030106227844954
19.602546701207757
19.026409896090627
18.583873383700848
18.551926104351878
18.122774930670857
17.98350098542869
17.483832018449903
17.828274136409163
17.554880628362298
17.398677432909608
16.68734274059534
16.66811626777053
16.508136115968227
16.477805841714144
15.788204120472074
15.557574264705181
15.637494467198849
15.170024966821074
15.171250764280558
14.985436731949449
14.792853554710746
14.291268115863204
14.449989952147007
14.054495794698596
13.880462968721986
14.004773264750838
13.685277061536908
13.684253415092826
13.675978256389499
13.482393423095345
13.71182481572032
13.158639842644334
13.30764582194388
13.186641549691558
12.991301221773028
13.281264880672097
12.882323272526264
13.099133338779211
12.798727303743362
13.026184506714344
12.678062420338392
12.748531121760607
12.532498493790627
12.784627510234714
12.196932600811124
12.39160998351872
12.176234014332294
12.056024434044957
11.905484100803733
11.92366573959589
11.952061522752047
11.742214441299438
11.564770059660077
11.682960508391261
11.461268840357661
11.424698080867529
11.488623613491654
11.23863835632801
83.88275396451354
71.42178804427385
65.46721465140581
53.07105781883001
50.60671076737344
48.164167653769255
48.13912485539913
37.69742431305349
37.00596774742007
36.74918773956597
36.42477229051292
34.65701251104474
34.46906905807555
33.60206386260688
33.513405844569206
31.85308493115008
31.68771672435105
31.377151710912585
30.993345646187663
30.709911309182644
30.254313182085752
30.07980907149613
30.015516566112638
29.367426360026002
29.279144262894988
28.687092058360577
28.43026595003903
27.670639196410775
26.45615489780903
26.310351092368364
26.02359195239842
24.857379203662276
24.777970850467682
24.327625647187233
23.942703660577536
23.177159775048494
21.733773838728666
21.449400117620826
21.616081900894642
21.06406567618251
20.980684086680412
20.10538083873689
19.45959963835776
18.928054122254252
18.334007628262043
18.74036154150963
18.314107423648238
17.751112651079893
17.80082669854164
17.666208613663912
17.551377767696977
17.326142394915223
16.91922565177083
16.484382078051567
16.659289073199034
16.112525567412376
16.08743572421372
15.599304839968681
15.49349968507886
15.165501836687326
15.286509457975626
14.930558951571584
14.770627854391932
14.322604045271873
14.226490758359432
14.122893234714866
14.061795612797141
13.806658180430532
13.812275901436806
13.650182915851474
13.600099168717861
13.7057202514261
13.492023278027773
13.29885183274746
13.182620231062174
13.251565355807543
13.138247983530164
13.06075257062912
12.920388523489237
12.989903068169951
12.984475027769804
12.994372365996242
12.69341104105115
12.668669553473592
12.624014280736446
12.664243634790182
12.228136960417032
12.314950302243233
12.02751425281167
12.091159798204899
12.007215553894639
12.201233016327024
11.739842269569635
11.723890479654074
11.575814884155989
11.656416457146406
11.667856993153691
11.285903502255678
11.488426921889186
11.357113365083933
83.91579391434789
71.43027252331376
65.44596951454878
53.00634881854057
50.48166875168681
48.36289866641164
48.108464151620865
37.561680333688855
37.23846125975251
36.72130821086466
36.3930190037936
34.641359033063054
34.36900311894715
33.5289486348629
33.46465445868671
31.871183959767222
31.966545147821307
31.411447029560804
30.74227724596858
30.677565520629287
30.28147205710411
29.972697265446186
30.080108331516385
29.36938066780567
29.3204154279083
28.53331435471773
28.705949099734426
27.67232978530228
26.519438749179244
26.17021457850933
25.796981683000922
24.89160245656967
24.871207961812615
24.293989764526486
23.894313169643283
23.30412407591939
21.758608171716332
21.49480983801186
21.378208907321095
21.310482582077384
20.95772803761065
20.007405342534184
19.578006444498897
19.02553224377334
18.31733532063663
18.703720903024077
18.164740577340126
17.818397346884012
17.568540470674634
17.806470468640327
17.65818640217185
17.305852603167295
16.69032236561179
16.71600147522986
16.560396233573556
16.28976841829717
16.00491327792406
15.591001685708761
15.597857227548957
15.068650215864182
15.339040605351329
14.864077381789684
14.780339989811182
14.356028985232115
14.312855809926987
14.189132552593946
14.015626991167665
13.660708205774426
13.957153268158436
13.770841157063842
13.35378629527986
13.683823589235544
13.439847184345126
13.343904146924615
13.326454797759652
13.26198523119092
13.023199873045087
12.954192647710443
13.120113978162408
12.976521115750074
12.904212906956673
13.017857873812318
12.665948528796434
12.815292730927467
12.398346839472651
12.746542369946837
12.295809241011739
12.290773967280984
12.020638808608055
12.07437540218234
11.98936522193253
12.071242285892367
12.001864552497864
11.817861311137676
11.442268423736095
11.753967832773924
11.362650699913502
11.528973324224353
11.442689636722207
11.212728761136532
83.94518086127937
71.47230058535933
65.37237771227956
53.13923098705709
50.40936193801463
48.37530702911317
48.18004858493805
37.58024678565562
37.08235158957541
36.64812012948096
36.425336979329586
34.70806960389018
34.33085213042796
33.47629799321294
33.79177003912628
31.75894271582365
31.800720175728202
31.259805602952838
30.88759433850646
30.881114723160863
30.01269306614995
30.25563351251185
29.99132478237152
29.391659384593368
29.309431789442897
28.646889612078667
28.369076170027256
27.699894562363625
26.510915782302618
26.16352000273764
25.967569526284933
24.915380347520113
24.88041544519365
24.24308088608086
24.047642778605223
23.07584512233734
21.966484813019633
21.31423998437822
21.47693131864071
20.980911917984486
21.04199966043234
20.239095017313957
19.491605177521706
18.887307768687606
18.484427196905017
18.610422495752573
18.07248087413609
18.129823055118322
17.59558849222958
17.748651357367635
17.61014349386096
17.363973923027515
16.57011567056179
16.909493369981647
16.280325207859278
16.406201742589474
15.892367040738463
15.57363092713058
15.613854648545384
15.25684959627688
15.141696061939001
14.755868695676327
14.871194187551737
14.283389426767826
14.379133105278015
14.111076217144728
14.074852904304862
13.8957046456635
13.812825787812471
13.661324638873339
13.608902737498283
13.604640044271946
13.495249578729272
13.265092330053449
13.185679361224174
13.10800082795322
13.087658569216728
13.17209618538618
13.068480290472507
13.121862225234509
12.824390560388565
12.772917907685041
12.773228632286191
12.698837531730533
12.699579702690244
12.580979345366359
12.310857282951474
12.498952919617295
12.088891085237265
12.090497551485896
11.87115860171616
11.990602413192391
11.898067174479365
11.833294434472919
11.692600453272462
11.49431130103767
11.52160033583641
11.341763064265251
11.490151308476925
11.522161927074194
83.71995436027646
71.43781125172973
65.28076190315187
53.175691870972514
50.57925249822438
48.18182887136936
48.196832485497
37.56501674838364
37.184297231957316
36.77960363030434
36.27966892160475
34.66548392921686
34.43246222473681
33.56123327836394
33.563731249421835
31.783616999164224
31.905065624043345
31.35548362508416
30.982773143798113
30.731838593259454
29.937143390998244
30.155065482482314
29.91140622086823
29.45614244043827
29.49706308543682
28.482107121497393
28.574255293235183
27.60630971007049
26.575426833704114
26.26557462476194
25.901571199297905
24.675385942682624
24.986771147698164
24.276562748476863
23.891770001500845
23.190890733152628
21.752200352028012
21.67532855272293
21.34046964533627
21.035723954439163
20.955593518912792
20.13168484158814
19.630338713526726
18.896033108234406
18.39451946131885
18.839405693113804
17.978320483118296
17.851281341165304
17.71364619024098
17.745689006522298
17.585314474999905
17.555533856153488
16.51683017797768
16.708350161090493
16.606700841337442
16.35837826319039
15.785264616832137
15.616218898445368
15.608556656166911
15.264185214415193
15.17088858410716
14.914701264351606
14.66702832840383
14.385809207335114
14.310901440680027
14.114363208413124
14.1724306717515
13.720833238214254
13.711368327960372
13.685418801382184
13.511879429221153
13.554497862234712
13.731594439595938
13.284361932426691
13.095418559387326
13.217184249311686
13.05072675831616
13.09095144085586
13.018203496932983
13.324229842051864
12.764245247468352
12.781852554529905
12.858608832582831
12.642791740596294
12.586551450192928
12.571495417505503
12.517912738025188
12.250294240191579
12.10212916880846
11.970393219962716
12.101293222978711
12.000708844512701
11.873709093779325
11.677494261413813
11.703857073560357
11.573602940887213
11.531717456877232
11.281746404245496
11.601385094225407
11.17876036837697
83.86332987248898
71.55102154798806
65.14845879003406
53.19860011152923
50.42781648598611
48.30450956337154
48.144363798201084
37.71482699923217
37.18272530287504
36.507911739870906
36.55635015107691
34.61576675623655
34.5039500631392
33.553470991551876
33.55312151648104
31.913734463974833
31.6233067214489
31.396927481517196
30.986061826348305
30.659889502450824
30.069816121831536
30.19655773229897
29.882314179092646
29.49095888994634
29.296553876250982
28.521122846752405
28.553429571911693
27.665517581626773
26.57948531024158
26.19672224111855
25.86586813442409
24.99575738608837
24.960453188046813
24.097831113263965
24.14178115129471
23.038176398724318
21.870945043861866
21.317225016653538
21.616280553862453
20.941542003303766
21.07736637070775
20.093770794570446
19.482038220390677
18.94440027885139
18.609623357653618
18.380577290430665
18.276980133727193
17.904713770374656
17.689530106261373
17.74309593439102
17.508952206000686
17.281870678067207
16.780001360923052
16.786527859047055
16.3568583317101
16.38669716194272
15.935603570193052
15.66868182271719
15.484325373545289
15.186245644465089
15.199421590194106
14.997460154816508
14.578880971297622
14.420920630916953
14.382890429347754
14.09460930339992
14.069730188697577
13.786808740347624
13.918997382745147
13.55994464084506
13.806251518428326
13.303561355918646
13.768634909763932
13.06837310269475
13.196851616725326
13.302085587754846
13.090245807543397
13.082325004041195
13.124847317114472
12.975915431976318
12.991739062592387
12.809732841327786
12.751464504748583
12.583506105467677
12.696362735703588
12.578115291893482
12.324610024690628
12.280483242124319
12.308591010048985
12.047897359356284
12.04347449541092
11.87824423238635
11.775957196950912
11.769747411832213
11.857970405369997
11.488349771127105
11.512509932741523
11.569861697033048
11.367330012843013
11.304326241835952
