Experiment Results
34.975577116
31.3069770336
31.252630949
30.7993299961
30.7636580467
30.6588971615
30.2879769802
30.2870669365
30.4067947865
30.2593381405
30.2377989292
30.2137351036
30.1813261509
30.2461080551
30.2435340881
30.0353281498
29.8510730267
29.7667989731
29.7602331638
29.788973093
29.80250597
29.5461680889
29.5684530735
29.3617420197
29.3821780682
29.5539979935
29.3320930004
29.2785179615
29.3159029484
29.3337318897
29.1355369091
29.3055691719
29.1927809715
29.1512129307
29.1557018757
29.1217250824
29.0083048344
28.926129818
29.0377891064
28.8772490025
28.7921462059
28.7963440418
28.7799170017
28.7972538471
28.7799580097
28.6246891022
28.7477550507
28.6989228725
28.9020740986
28.6346960068
28.7426199913
28.6590340137
28.5901069641
28.589523077
28.5589551926
28.5146939754
28.5597441196
28.459872961
28.6148700714
28.4236879349
28.5464491844
28.6526248455
28.4730501175
28.4853088856
28.4771668911
28.4529471397
28.3417410851
28.2295060158
28.2911388874
28.2215631008
28.2905440331
28.2727761269
28.340086937
28.1133239269
28.2064688206
28.0352380276
28.125631094
27.9929280281
28.1250920296
27.99198699
28.0550849438
28.1456079483
27.9353260994
28.1022171974
27.801584959
27.8396902084
27.8318960667
27.8476741314
27.9179201126
27.8922569752
28.011551857
27.9222609997
28.006013155
27.7307140827
27.8017718792
27.6367661953
27.6555149555
27.7394149303
27.6327168941
27.7928102016
31.1405119896
30.9962198734
30.7392921448
30.7434699535
30.7527189255
30.6322309971
30.3152310848
30.2742481232
30.4207749367
30.1973500252
30.1596550941
30.1531078815
30.1493749619
30.2400128841
30.0773608685
30.1494779587
29.7952930927
29.7023518085
29.6559720039
29.6380770206
29.7803649902
29.6569449902
29.4461040497
29.4297680855
29.3549358845
29.3804130554
29.4165430069
29.2374567986
29.1418881416
29.0428528786
29.3914489746
29.0313029289
29.2728149891
28.9615020752
28.9811530113
28.9987850189
28.8992137909
29.0045948029
28.8446059227
28.7927868366
28.6569809914
28.6788489819
28.7928638458
28.9270091057
28.7116529942
28.5828390121
28.6985020638
28.5351991653
28.6495928764
28.5796980858
28.6815841198
28.551846981
28.5319349766
28.634262085
28.5811150074
28.399477005
28.6803519726
28.5594420433
28.4638168812
28.3756661415
28.3765659332
28.5652461052
28.4672009945
28.4169449806
28.3745610714
28.294809103
28.3126599789
28.2389411926
28.2894489765
28.1402900219
28.2925989628
28.2410969734
28.1643960476
28.0497419834
28.237855196
28.1143848896
28.0048420429
28.1201238632
28.096227169
28.0973818302
28.0977330208
27.984292984
28.0411589146
27.9019539356
27.9034650326
27.812335968
27.8082249165
27.9326910973
27.7589600086
27.915211916
27.8770060539
27.9374980927
27.7694768906
27.6052548885
27.8044588566
27.6276819706
27.5930111408
27.5457000732
27.7864129543
27.698748827
31.0382750034
31.0774440765
30.8380970955
30.8296790123
30.6074972153
30.5503540039
30.217854023
30.5261869431
30.3979990482
30.3122618198
30.2951898575
30.3331329823
30.1335811615
29.9662950039
30.1027770042
29.9847109318
29.7937150002
29.7846980095
29.748855114
29.6926589012
29.6861429214
29.4834210873
29.3208060265
29.5072300434
29.5011191368
29.2605888844
29.2605900764
29.1375038624
29.2399859428
29.3047111034
29.2727041245
29.1661651134
29.0920670033
29.1882929802
29.0740230083
28.9735100269
29.0231130123
28.9196798801
29.0160200596
28.7327020168
28.6624569893
28.7132508755
28.795539856
28.8799798489
28.8606960773
28.7618079185
28.6184751987
28.5584561825
28.6631550789
28.523182869
28.499628067
28.4838440418
28.5635421276
28.5349471569
28.5245940685
28.4797711372
28.514729023
28.5118861198
28.5330359936
28.4625020027
28.5573129654
28.4239017963
28.3514261246
28.273141861
29.9214580059
28.1442918777
28.3561718464
28.3718490601
28.323996067
28.1585419178
28.0982961655
28.2588791847
28.2096190453
28.2034289837
28.2257080078
28.1562051773
28.1525981426
28.1505088806
28.0501680374
28.0195190907
27.9565880299
27.9197030067
28.1244850159
28.0239188671
27.8949968815
27.9661130905
28.0464110374
28.0355141163
27.9640479088
27.8764140606
27.8032808304
27.8176779747
27.9077579975
27.8524000645
27.703289032
27.8524529934
27.8356368542
27.6486492157
27.8543601036
27.630325079
31.2248089314
31.1137480736
30.7292048931
30.8320710659
30.6464221478
30.6060500145
30.2447769642
30.374915123
30.3955190182
30.2675871849
30.2294239998
30.0864999294
30.1598968506
30.056417942
29.9924190044
30.1844649315
29.8658671379
29.6632478237
29.7424590588
29.7193529606
29.5924508572
29.5425870419
29.26476717
29.4735510349
29.4929568768
29.323789835
29.2161540985
29.350949049
29.2667999268
29.0705997944
29.1904528141
29.0249540806
29.1029708385
29.014277935
29.0945510864
28.9407689571
28.9888920784
29.0718269348
29.0617010593
28.79033494
28.8982079029
28.7660768032
28.8009231091
28.8241260052
28.7913520336
28.7456731796
28.6047599316
28.6978189945
28.5487520695
28.6770968437
28.7377319336
28.593588829
28.6614909172
28.6025710106
28.5716621876
28.6130461693
28.3763728142
28.4784398079
28.4354228973
28.4223690033
28.4727160931
28.3399648666
28.3809900284
28.3756189346
28.3847799301
28.3526108265
28.456882
28.2740080357
28.3853051662
28.2001919746
28.181912899
28.3323731422
28.2414269447
28.3560380936
28.224875927
28.1229240894
28.1701381207
28.1375238895
28.1353681087
27.9546160698
28.187515974
28.0641839504
27.9678499699
28.0753622055
28.0600988865
27.8583650589
27.9885528088
27.9469540119
27.9364509583
27.9140520096
28.0299761295
27.8758261204
27.866448164
27.7729468346
27.8369219303
27.770578146
27.6981158257
27.6363611221
27.7860620022
27.6020681858
31.3354980946
31.0406908989
30.8679950237
30.7991881371
30.765250206
30.7571399212
30.2791302204
30.5335190296
30.3514530659
30.1473050117
30.2490282059
30.2513101101
30.1395499706
30.0973980427
30.1400911808
30.0098850727
29.6683139801
29.7021760941
29.7361011505
29.584610939
29.4896240234
29.6063690186
29.3467149734
29.5126931667
29.3236241341
29.3615570068
29.2871217728
29.1468820572
29.2483370304
29.340722084
29.1317150593
29.2641429901
29.0706830025
29.077080965
29.0562539101
28.9562168121
29.002876997
28.8357720375
28.7879149914
28.8352291584
28.7716391087
28.7033500671
28.6964540482
28.6279239655
28.6728920937
28.5769710541
28.5968208313
28.6542201042
28.6309518814
28.5016360283
28.6176688671
28.704267025
28.4115581512
28.5106370449
28.6226110458
28.5098319054
28.4268040657
28.4851810932
28.5920460224
28.5432159901
28.4982380867
28.5400369167
28.3023018837
28.3703551292
28.4427170753
28.2898409367
28.3201079369
28.2533218861
28.371473074
28.2486701012
28.1733598709
28.2530510426
28.2506198883
28.0763549805
28.2084958553
28.2058880329
28.1362469196
28.2381501198
28.0210039616
28.2231631279
28.0463020802
27.9112558365
27.9181978703
27.865101099
27.9015498161
28.1642580032
27.9112980366
27.7995409966
27.9747719765
27.8534479141
27.9810841084
27.9747099876
27.9201900959
27.6875810623
27.7948601246
27.5694401264
27.8101460934
27.7596750259
27.6416611671
27.7175459862
31.1065139771
31.0609848499
30.8584890366
30.7826168537
30.7254080772
30.6697671413
30.3544459343
30.5858390331
30.2152221203
30.1706500053
30.2166788578
30.0696840286
30.2586960793
30.2615859509
30.1502687931
29.9631710052
29.7786779404
29.5662350655
29.7101891041
29.6009521484
29.8031339645
29.5714020729
29.3029828072
29.413118124
29.4757740498
29.5165860653
29.3670680523
29.3192520142
29.4580070972
29.1201438904
29.206001997
29.1508171558
29.1584889889
29.0968930721
29.0172400475
28.866658926
28.9264981747
28.865680933
28.9196929932
28.7728869915
28.8111078739
28.6827390194
28.61698699
28.7579879761
28.8176980019
28.6575770378
28.5077719688
28.6283180714
28.6604650021
28.7124428749
28.6439709663
28.4933199883
28.6349961758
28.5807158947
28.7066731453
28.6271700859
28.6026990414
28.6040129662
28.3683941364
28.4531059265
28.4802091122
28.5961198807
28.3435518742
28.4408450127
28.3060390949
28.2102179527
28.2684519291
28.3624601364
28.2383441925
28.2124860287
28.2702050209
28.2534208298
28.2730410099
28.169823885
28.2769420147
28.193928957
28.0336239338
28.133464098
28.0215671062
28.1081860065
28.1982240677
27.9889891148
28.044410944
27.9227690697
28.0193459988
27.826376915
27.9474639893
27.8792030811
28.0155601501
27.9252018929
27.9793839455
27.869451046
27.9592089653
27.8751130104
27.5876729488
27.7051141262
27.7372550964
27.6598320007
27.738888979
27.6587059498
