Experiment Results
10.7552950382
5.3031668663
5.1780860424
4.80498218536
4.48891592026
4.78170490265
4.50068902969
4.48718190193
4.47565197945
4.3207719326
4.38735890388
4.50137996674
4.15967082977
4.30413007736
4.28460502625
4.20850491524
4.20005702972
4.29110407829
4.19381594658
4.18325304985
3.99560189247
4.17695188522
4.15659594536
4.12782406807
3.93893289566
4.17171216011
4.06766700745
4.01768112183
3.92807197571
3.80504512787
4.11479997635
3.87563610077
3.7824409008
3.78045296669
3.88145899773
3.89261507988
3.94042897224
3.89011096954
3.89316320419
3.83019185066
3.62129282951
3.88740205765
3.76880002022
3.85345315933
3.6563398838
3.75402712822
3.71870684624
3.77198791504
3.65405011177
3.82365107536
3.67121291161
3.6425948143
3.72236013412
3.64171218872
3.63265895844
3.60759902
3.68185400963
3.60246396065
3.6562359333
3.56712007523
3.63274884224
3.80404996872
3.60636711121
3.54634404182
3.58752202988
3.59850597382
3.61218214035
3.72660303116
3.57956600189
3.58981394768
3.63782405853
3.59744501114
3.60237598419
3.42319083214
3.70185184479
3.62088298798
3.38895988464
3.62479496002
3.64900112152
3.38736104965
3.5647790432
3.63844394684
3.56960487366
3.39923787117
3.59108495712
3.64034295082
3.3737039566
3.46912407875
3.55139493942
3.59446310997
3.54706501961
3.42362213135
3.56730794907
3.40094804764
3.61833190918
3.49679803848
3.25329303741
3.53874707222
3.45196819305
3.44654011726
7.74703907967
5.65123486519
5.24695491791
4.78425002098
4.72930002213
4.45460295677
4.4814388752
4.72325515747
4.27129197121
4.49484491348
4.48430490494
4.3215470314
4.30640697479
4.29510807991
4.15673708916
4.29980683327
4.04501318932
4.23288083076
4.19936084747
4.13754487038
4.06699514389
4.02107381821
4.17205905914
4.25773096085
3.9170320034
4.07097887993
4.1563398838
3.97389793396
4.05284714699
3.86724996567
4.04534101486
3.85071706772
3.79240989685
3.91507387161
3.79677700996
3.88010787964
3.78486800194
3.97852611542
3.92159605026
3.85350704193
3.82478094101
3.61759400368
3.80716204643
3.73963904381
3.81592488289
3.70531010628
3.67351698875
3.80551600456
3.70983195305
3.68904614449
3.78008413315
3.66813397408
3.85966491699
3.51154708862
3.94953203201
3.38407921791
3.62771201134
3.78902196884
3.66326093674
3.57656502724
3.62268805504
3.59380793571
3.70208096504
3.58864784241
3.59001684189
3.62411499023
3.66595506668
3.59976291656
3.38813591003
3.71069312096
3.58571887016
3.64409613609
3.49763584137
3.5622780323
3.60335206985
3.71765804291
3.4155459404
3.61109185219
3.38106393814
3.6243519783
3.57626104355
3.57291698456
3.60229301453
3.38879108429
3.61579585075
3.61194586754
3.36593389511
3.62413883209
3.34557795525
3.65943408012
3.55724000931
3.41259789467
3.56782102585
3.39549899101
3.61182999611
3.367800951
3.59209179878
3.34207606316
3.57198786736
3.42140889168
7.63146901131
5.83213019371
5.19738006592
4.78758502007
4.47586607933
4.73624205589
4.57811403275
4.48005819321
4.39887714386
4.47571110725
4.4585211277
4.32705807686
4.23987007141
4.39688301086
4.20819616318
4.32277798653
4.12926197052
4.12148094177
4.23291707039
4.09064888954
4.11814594269
4.01517796516
4.26200389862
4.11090087891
4.01589012146
3.96029305458
4.17119598389
3.92037200928
3.99541091919
4.00400710106
3.99224209785
3.72418212891
3.9339530468
3.90502095222
3.88768100739
3.78923797607
3.97812604904
3.91796398163
3.78804898262
3.80420899391
3.81742691994
3.76233816147
3.79572510719
3.76549887657
3.76631808281
3.78663110733
3.53346681595
3.84767580032
3.82291603088
3.56506800652
3.7784268856
3.78448200226
3.50997400284
3.64740991592
3.82860898972
3.57741808891
3.69578099251
3.57189798355
3.81455111504
3.56738591194
3.51638412476
3.6932849884
3.73830604553
3.56401586533
3.60007596016
3.49344491959
3.79581999779
3.57163500786
3.47878599167
3.74024701118
3.6003921032
3.58659696579
3.61980819702
3.5465130806
3.51429390907
3.69669604301
3.57054519653
3.38611006737
3.62326812744
3.58204102516
3.62440299988
3.37937903404
3.62140989304
3.5075378418
3.53026390076
3.51021099091
3.59788513184
3.43830513954
3.35979390144
3.5580329895
3.4919359684
3.51012015343
3.58175706863
3.39993596077
3.55084300041
3.55227708817
3.37292408943
3.6288459301
3.39233112335
3.37532496452
7.82590222359
5.57771682739
5.30617904663
4.64305496216
4.64219999313
4.80282902718
4.47959804535
4.47530293465
4.48481202126
4.55035400391
4.24422693253
4.36796307564
4.20059394836
4.4081029892
4.26902699471
4.12243795395
4.30065512657
4.06033587456
4.28369688988
4.05353808403
4.25032806396
4.02185702324
4.10887384415
4.08645486832
3.9625980854
4.19626808167
3.98806285858
3.9776558876
4.01968383789
3.9711458683
3.94543099403
3.88320589066
3.76787590981
3.88661694527
3.89925789833
3.90169978142
3.88514089584
3.93934798241
3.78537511826
3.77608180046
3.89122390747
3.79569387436
3.78507685661
3.81675195694
3.76987910271
3.79539895058
3.63987588882
3.65841913223
3.77415180206
3.79170298576
3.57982110977
3.83128595352
3.62656712532
3.53885793686
3.82420396805
3.61144113541
3.60085296631
3.70545101166
3.54388904572
3.64300584793
3.81670594215
3.5816860199
3.6216070652
3.44289803505
3.85161089897
3.61177301407
3.56447792053
3.62049889565
3.50927090645
3.40268015862
3.80275011063
3.64432096481
3.5413620472
3.35980701447
3.70437812805
3.66879916191
3.4847240448
3.54679989815
3.61704707146
3.61006903648
3.56979703903
3.28429698944
3.83978199959
3.29279899597
3.6934800148
3.57663106918
3.42162179947
3.56372714043
3.40206193924
3.69493508339
3.24318790436
3.55551099777
3.58540201187
3.5670042038
3.34547996521
3.50411701202
3.54967999458
3.56974697113
3.31212306023
3.60392212868
7.60061812401
5.59657716751
5.39940404892
4.69312691689
4.71140003204
4.51168608665
4.56166505814
4.45537090302
4.49300384521
4.52265810966
4.26201915741
4.27950906754
4.30385017395
4.29543399811
4.30254197121
4.19578886032
4.12740397453
4.23389601707
4.20136880875
4.25776386261
4.06335687637
4.07885193825
3.97391486168
4.13158488274
4.30210995674
4.03541707993
4.01157999039
4.04885196686
3.8120598793
4.00897908211
3.80295109749
4.12737202644
3.83522486687
3.81882500648
3.7910490036
3.99248790741
3.8720510006
3.84717297554
3.7810781002
3.75752902031
3.90409398079
3.84386706352
3.84266400337
3.60196113586
3.89617109299
3.77230000496
3.53350901604
3.91607403755
3.57831907272
3.79370689392
3.76048493385
3.69992423058
3.72620010376
3.56834816933
3.82939696312
3.54507780075
3.54757714272
3.64756894112
3.78796601295
3.60925984383
3.56582784653
3.58137607574
3.65535306931
3.58697795868
3.59704208374
3.79080510139
3.59287023544
3.38825082779
3.83923101425
3.54061388969
3.62990498543
3.40071511269
3.76794505119
3.60230016708
3.40424108505
3.58243608475
3.68208408356
3.64279103279
3.31167721748
3.61898708344
3.68916201591
3.48097991943
3.53008985519
3.4949669838
3.58381795883
3.4126791954
3.625633955
3.4273750782
3.57297706604
3.38133907318
3.6124920845
3.63097310066
3.34170603752
3.52496004105
3.61489987373
3.34969806671
3.56007194519
3.41456317902
3.55703520775
3.39899396896
7.57518792152
5.68735480309
5.3975789547
4.84041690826
4.48526501656
4.62582087517
4.4810769558
4.74879384041
4.48078894615
4.27347683907
4.45476198196
4.43460607529
4.24915885925
4.19875407219
4.29380297661
4.13580489159
4.31271600723
3.95665788651
4.29379105568
4.20829105377
3.99430012703
4.17542695999
4.21340799332
4.04760217667
4.0487139225
4.00524997711
4.2236521244
4.01717495918
3.81148099899
4.05245494843
3.75822496414
4.02296209335
3.94219398499
3.80811691284
3.97755289078
3.79731416702
3.7639169693
4.04248905182
3.83137607574
3.74188494682
3.89956498146
3.78632998466
3.79815411568
3.59585499763
3.90814995766
3.7751531601
3.76666688919
3.57696700096
3.77709197998
3.76716589928
3.61551785469
3.8381819725
3.56701111794
3.76970291138
3.58718419075
3.54966521263
3.76777100563
3.58041214943
3.68258118629
3.57315897942
3.65001821518
3.56942796707
3.72616195679
3.54465389252
3.6160299778
3.63442015648
3.56746315956
3.66458892822
3.61255097389
3.56731009483
3.57981181145
3.61863803864
3.56025099754
3.64522504807
3.56002402306
3.59236907959
3.56384015083
3.58959889412
3.60178518295
3.61306786537
3.38297581673
3.60363101959
3.44286108017
3.50165700912
3.55588197708
3.53354096413
3.6638481617
3.33865404129
3.59227705002
3.58384990692
3.46997189522
3.55605816841
3.33457016945
3.52641987801
3.51923704147
3.5809109211
3.49272799492
3.38219094276
3.5211789608
3.61847400665
