Experiment Results
87.11273501999676
71.43491565063596
65.33705057948828
53.06361991353333
50.48113237135112
48.38539917394519
48.06481238827109
37.59223469533026
37.079959128051996
36.696038698777556
36.385141337290406
34.67930830642581
34.47104460187256
33.563096679747105
33.47240971401334
31.889214854687452
31.72683802805841
31.54487844929099
30.817706933245063
30.862026738002896
30.003632670268416
30.186717791482806
30.14049162529409
29.329301485791802
29.27850801497698
28.67953299358487
28.49908873811364
27.659829759970307
26.406423205509782
26.380251245573163
25.91562733054161
24.955839486792684
24.79328935779631
24.106393536552787
23.991289591416717
23.15266519971192
21.895743034780025
21.608940245583653
21.383573023602366
20.92698758840561
21.07106439769268
20.244150822982192
19.495335556566715
18.897333847358823
18.4094329867512
18.559723287820816
18.306899836286902
17.75056003779173
17.815331449732184
17.804998703300953
17.656238835304976
17.084637634456158
16.80319819226861
16.790657496079803
16.499281708151102
16.28615065664053
16.07928097434342
15.514050852507353
15.684508619830012
15.200360905379057
15.075205000117421
14.981747131794691
14.728028258308768
14.31336092762649
14.468724887818098
13.976650234311819
14.112280517816544
13.677432334050536
13.994513995945454
13.602309376001358
13.484359001740813
13.598595194518566
13.64142963849008
13.183893455192447
13.164778525009751
13.315864996984601
13.080427888780832
13.0235006660223
13.069407861679792
13.21934743411839
12.902300307527184
12.669559428468347
12.8676788341254
12.706691654399037
12.622360398992896
12.737484697252512
12.254245774820447
12.119752975180745
12.301764223724604
12.026646155864
11.963170509785414
12.134810917079449
11.737159460783005
11.784429283812642
11.641119107604027
11.655016480013728
11.504457131028175
11.379507146775723
11.352699540555477
11.307538345456123
83.97863435186446
71.36895499192178
65.33871765434742
53.0798556022346
50.4370373301208
48.348409701138735
48.172265231609344
37.75951805524528
36.964650113135576
36.67320233397186
36.50650487653911
34.59101730957627
34.28981662914157
33.715193174779415
33.5746937841177
31.76345126517117
31.962454659864306
31.402795616537333
30.80911422148347
30.739928612485528
30.229882810264826
29.973610831424594
30.17237587273121
29.387612065300345
29.175825018435717
28.714704072102904
28.541811233386397
27.60193662531674
26.61339958012104
26.140521155670285
25.85170490294695
25.116303075104952
24.639557901769876
24.275888362899423
24.015582026913762
23.160324025899172
21.783175099641085
21.416352201253176
21.571623127907515
20.89063384011388
21.21310001052916
19.969042299315333
19.515391755849123
19.0221734251827
18.625882521271706
18.37941313162446
18.12965855933726
17.899651682004333
17.69624214246869
17.770743500441313
17.70438128337264
17.1045602299273
16.754301792010665
16.791972601786256
16.566356774419546
16.389414630830288
15.909192144870758
15.665097381919622
15.52468547783792
15.210229698568583
15.073878355324268
14.897911539301276
14.904548909515142
14.271294362843037
14.157796822488308
14.292371053248644
13.883980754762888
13.909209445118904
13.877666894346476
13.60757588967681
13.57767397724092
13.598360324278474
13.589645208790898
13.218023711815476
13.36205355077982
13.108544692397118
13.170927749946713
12.916966553777456
13.204490272328258
13.101034540683031
12.861127499490976
12.780225072056055
12.90191425383091
12.601817391812801
12.588042655959725
12.70509760454297
12.361718663945794
12.259875310584903
12.012955389916897
12.192516535520554
11.936391523107886
11.912233017385006
11.95347947999835
11.7918596342206
11.573832860216498
11.574227908626199
11.586140723899007
11.321344409137964
11.415265219286084
11.358394240960479
83.85154438763857
71.45249375514686
65.30824452079833
53.053301606327295
50.64342029578984
48.22324639558792
48.17017578147352
37.481447126716375
37.179562609642744
36.85312332212925
36.385510727763176
34.59387578256428
34.379033487290144
33.711390322074294
33.350489696487784
31.888367826119065
31.95273091457784
31.339516220614314
30.861539298668504
30.681533528491855
30.198690306395292
30.123454097658396
29.939326386898756
29.491193614900112
29.174789253622293
28.798181323334575
28.432553680613637
27.669509833678603
26.476326692849398
26.374120289459825
25.91286943294108
24.88453384116292
24.69723330065608
24.37053337879479
23.983266469091177
23.117420211434364
21.807634184136987
21.455480566248298
21.597547771409154
21.17310231178999
20.795475220307708
20.27001285366714
19.52063067443669
18.873105350881815
18.58203475177288
18.509970393031836
18.084235647693276
17.87457904778421
17.719768961891532
17.841769525781274
17.623702384531498
17.181896002963185
16.742697663605213
16.61311419866979
16.611884154379368
16.28861171938479
16.130404971539974
15.465395003557205
15.597578529268503
15.298564711585641
14.997207697480917
14.859735624864697
14.976716425269842
14.33205795660615
14.3855886105448
14.040307292714715
14.139610243961215
13.811433233320713
13.766316678375006
13.51293621584773
13.825336234644055
13.35552472807467
13.696526985615492
13.349118510261178
13.009496970102191
13.18165454827249
13.10102454572916
12.869085716083646
13.194485954940319
12.859970659017563
12.878092143684626
12.857018373906612
12.78520680218935
12.687479658052325
12.709543779492378
12.629190238192677
12.319744827225804
12.081480314955115
12.193436447530985
12.051944512873888
11.875997234135866
12.178024243563414
11.703561965376139
11.995859825983644
11.429624961689115
11.66308549977839
11.486393811181188
11.585655979812145
11.166958015412092
11.64038735255599
83.7051608338952
71.4830601066351
65.27373662404716
53.07452090829611
50.6741280220449
48.18775187432766
48.163863122463226
37.65655138716102
37.06564356200397
36.59208916313946
36.61718178726733
34.53550330735743
34.36771792732179
33.47862841002643
33.66693067736924
31.820598918944597
31.73846424371004
31.372889751568437
30.89860071800649
30.798440478742123
30.09965744242072
30.23579592630267
29.914949858561158
29.342186130583286
29.388379339128733
28.669976592063904
28.286156019195914
27.865456845611334
26.475694241002202
26.17987772449851
25.99359936080873
24.916984789073467
24.747080646455288
24.280764693394303
23.948733096942306
23.18339299596846
21.740031333640218
21.443670401349664
21.438371490687132
21.11895682476461
20.989528128877282
20.248841669410467
19.46851464919746
18.829943016171455
18.601126296445727
18.539283337071538
18.190575322136283
17.777548069134355
17.722836263477802
17.78643039241433
17.70374320447445
17.186200618743896
16.678249206393957
16.894340846687555
16.402599923312664
16.439659608528018
15.967273782938719
15.516084413975477
15.599793689325452
15.210183538496494
15.152459800243378
14.840366804972291
14.657718293368816
14.60292138159275
14.278912568464875
14.087150033563375
13.959494417533278
13.789475198835135
13.889564640820026
13.611788166686893
13.568600637838244
13.505280166864395
13.69701567478478
13.384286060929298
13.164874639362097
13.088596109300852
12.993562087416649
13.17747624590993
13.096181999891996
13.013237213715911
12.933007510378957
12.913617121055722
12.839626304805279
12.628106215968728
12.489489840343595
12.797148127108812
12.343780562281609
12.168498948216438
12.09694910235703
12.062737544998527
11.976212847977877
12.010904675349593
11.99084153957665
11.680120961740613
11.695901311933994
11.596869787201285
11.51059484295547
11.360992796719074
11.46987995132804
11.340501153841615
83.8632338680327
71.46914331801236
65.15962833166122
53.14419768191874
50.58877011202276
48.280754026025534
48.057524701580405
37.69142991490662
37.02270193211734
36.840195298194885
36.42228578962386
34.68027616478503
34.356265442445874
33.609186904504895
33.49878241494298
31.75755748525262
31.807369366288185
31.446706548333168
31.00405203178525
30.6679575573653
30.014460599049926
30.140138098970056
30.161410434171557
29.297162007540464
29.38484794460237
28.500396702438593
28.531659385189414
27.689420932903886
26.522638810798526
26.29621070995927
25.875044394284487
24.834277091547847
24.943450074642897
24.172735441476107
23.834774859249592
23.351056184619665
21.70073596201837
21.44517599232495
21.623913193121552
20.88615493476391
21.205255510285497
19.90587176196277
19.742889661341906
18.787353022024035
18.46858949959278
18.640327014029026
18.06415773369372
18.07981802895665
17.496294582262635
17.933999879285693
17.446217127144337
17.485024739056826
16.61596035026014
16.89678027294576
16.394436238333583
16.175986628979445
16.173987546935678
15.40814988128841
15.797692459076643
15.08552529104054
15.090235069394112
14.9781428091228
14.7371263243258
14.443545494228601
14.215697532519698
14.28785596601665
14.059835912659764
13.745677812024951
13.75585825741291
13.715193768963218
13.572253622114658
13.511142194271088
13.479436218738556
13.479474369436502
13.172223463654518
13.227073770016432
13.191258499398828
12.930587444454432
13.16490406729281
13.102710172533989
12.900299260392785
12.79357709363103
12.858557276427746
12.60549302585423
12.574503608047962
12.687115598469973
12.424156153574586
12.201814031228423
11.980645338073373
12.276858540251851
11.89646403491497
11.898664154112339
12.114850429818034
11.591588316485286
11.708292912691832
11.679506435990334
11.475623650476336
11.399746973067522
11.526848481968045
11.40333591029048
83.60459310561419
71.53618785738945
65.39731155149639
53.062782153487206
50.56094721145928
48.29344240948558
48.06135203503072
37.66728696785867
36.889780862256885
36.80558949895203
36.51794460974634
34.62936179153621
34.27478384971619
33.61978783831
33.67194549180567
31.773512979969382
31.693915428593755
31.389159867540002
31.10790437273681
30.743920924142003
30.087799293920398
30.003594607114792
30.198416767641902
29.290699305012822
29.37840093486011
28.460960375145078
28.588884571567178
27.793627915903926
26.377973917871714
26.41559538245201
25.873712431639433
24.785867461934686
25.06799752265215
24.10791776329279
23.98000793531537
23.193832950666547
21.672826604917645
21.694657780230045
21.282047107815742
21.12581868097186
20.965108186006546
20.082466650754213
19.674172228202224
18.94457950629294
18.463867397978902
18.393780935555696
18.318905858322978
17.90465861186385
17.803614990785718
17.64127790927887
17.589502738788724
17.268214117735624
16.71482277289033
16.803185384720564
16.47758985310793
16.255508922040462
16.14322585426271
15.446219518780708
15.62592250853777
15.293939189985394
15.060862980782986
14.947466278448701
14.818847144022584
14.386492306366563
14.184226030483842
14.101196866482496
14.179352428764105
13.805494602769613
13.79232368990779
13.696130648255348
13.497381741181016
13.57867637090385
13.606148388236761
13.357056500390172
13.213409459218383
13.186709197238088
12.9808295276016
13.073986494913697
13.03382151760161
13.192407878115773
12.888933897018433
12.884504429996014
12.653532177209854
12.787198804318905
12.572516966611147
12.640197595581412
12.276161627843976
12.358517829328775
12.087008334696293
11.999129770323634
12.046487834304571
11.942639794200659
11.86785033531487
11.700525179505348
11.877056658267975
11.495876088738441
11.626806735992432
11.280190417543054
11.494218895211816
11.37006875872612
