Experiment Results
10.5024189949
5.1731710434
5.3882920742
4.61001992226
4.71359801292
4.65418696404
4.4657330513
4.50784087181
4.43675804138
4.54530596733
4.22756695747
4.56024289131
4.22477507591
4.18318104744
4.41366004944
3.97191500664
4.18481779099
4.32366394997
4.28398704529
3.95685791969
4.24401021004
3.96027588844
4.2116689682
4.10108685493
4.08678412437
4.20308709145
3.93966007233
4.02031302452
4.0148100853
3.98697900772
3.8134958744
3.94195699692
3.89040493965
3.70871305466
4.10684490204
3.70019888878
3.97355079651
3.71691894531
4.0394821167
3.73093700409
3.92661881447
3.80451917648
3.81971693039
3.73960185051
3.58588814735
3.83477187157
3.77330708504
3.55265808105
3.92404985428
3.46759986877
3.79751396179
3.70318388939
3.62365198135
3.75390911102
3.72459316254
3.7800219059
3.38165998459
3.76824307442
3.50354790688
3.70526313782
3.78296780586
3.58133196831
3.52191495895
3.7901699543
3.47272491455
3.57628893852
3.70510101318
3.51820206642
3.66893911362
3.53245186806
3.72146606445
3.57245898247
3.59858179092
3.49517011642
3.66070508957
3.5018889904
3.47020792961
3.63418006897
3.69830489159
3.58254384995
3.47960019112
3.48223805428
3.51509094238
3.58933401108
3.5588080883
3.55267381668
3.45984816551
3.62763500214
3.2669069767
3.71596503258
3.49864315987
3.5296061039
3.44870996475
3.39158201218
3.5081319809
3.49805903435
3.58156204224
3.50860381126
3.29596209526
3.55024218559
7.6509809494
5.78509306908
5.10589289665
4.67829799652
4.78981494904
4.72444605827
4.47757411003
4.48851919174
4.32060098648
4.45534896851
4.38033699989
4.40635514259
4.41782903671
4.22964191437
4.25385403633
4.08309793472
4.19223093987
4.26434111595
4.12663507462
4.27377700806
4.23601317406
3.92751717567
4.1370780468
4.00494885445
4.2469959259
3.98857688904
4.08076095581
4.03085517883
3.97680401802
3.88445901871
4.00748705864
3.81490302086
3.98308300972
3.68103194237
4.00687909126
3.96802783012
3.71946907043
3.88655900955
3.81008601189
3.99389982224
3.77553606033
3.73037600517
3.75913596153
3.74413490295
3.83983302116
3.78026509285
3.71140813828
3.73968291283
3.5727288723
3.78538393974
3.75393605232
3.77041387558
3.46436619759
3.79717803001
3.83115911484
3.56056904793
3.49802303314
3.68448901176
3.78490710258
3.69465708733
3.49112510681
3.4989669323
3.75528788567
3.50423812866
3.79513287544
3.57144093513
3.51094388962
3.57093691826
3.74343085289
3.50087213516
3.66744995117
3.5719230175
3.53123807907
3.65664410591
3.48758006096
3.64114999771
3.57647395134
3.51972007751
3.58863306046
3.57983016968
3.46612906456
3.60992097855
3.53040289879
3.50785398483
3.39645314217
3.65458512306
3.35665917397
3.49272489548
3.71633005142
3.50758385658
3.37458610535
3.59976100922
3.60665488243
3.26853108406
3.53376817703
3.61933398247
3.56744980812
3.28114104271
3.61917805672
3.26437997818
7.90217399597
5.40204381943
5.51144504547
4.67398309708
4.69363307953
4.58287000656
4.40029001236
4.59151101112
4.46177196503
4.44058513641
4.44233512878
4.19159579277
4.47115898132
4.22802209854
4.20244503021
4.14155912399
4.2586889267
4.23720002174
4.09951806068
4.13389515877
4.17009019852
4.10861492157
4.26342105865
3.92353796959
4.0983839035
4.100440979
4.09044003487
4.06726193428
3.99309492111
3.90619802475
3.82231497765
3.85815906525
3.96814894676
4.04940199852
3.78732800484
3.76601600647
3.88699698448
3.88340091705
3.72833895683
3.86137604713
3.91995310783
3.74607801437
3.70694112778
3.76623296738
3.78433012962
3.72219705582
3.77525186539
3.78644394875
3.70247197151
3.70091700554
3.69635415077
3.81888914108
3.49423313141
3.78277587891
3.48942303658
3.88576197624
3.71646595001
3.4633409977
3.49083685875
3.70687794685
3.77096390724
3.51327800751
3.72352600098
3.48559784889
3.79755592346
3.49658799171
3.64910292625
3.7723300457
3.47413110733
3.65410900116
3.51745295525
3.60160899162
3.5872938633
3.5036277771
3.82555508614
3.58620285988
3.56429290771
3.48684287071
3.60393095016
3.47675681114
3.57445907593
3.51854109764
3.52850604057
3.48508381844
3.60541200638
3.34001803398
3.63333415985
3.57532191277
3.51452279091
3.40526103973
3.4675590992
3.4968919754
3.70611619949
3.27360892296
3.63553500175
3.57418894768
3.27068901062
3.52462697029
3.55034685135
3.51772499084
7.45401716232
5.85004901886
5.28303408623
4.68119692802
4.68314385414
4.50216293335
4.67730903625
4.4283490181
4.38246417046
4.48102092743
4.47015380859
4.40780091286
4.21188783646
4.29847812653
4.21167302132
4.29203104973
4.15966486931
4.20028591156
4.18135404587
4.00111794472
4.16677212715
4.16085410118
4.06565594673
4.16014909744
4.07287192345
4.07308101654
3.97927379608
3.97991895676
3.9869248867
3.99829292297
4.04244017601
3.72636389732
3.97958087921
3.79948711395
3.80380606651
3.99470281601
3.87554192543
3.90814113617
3.69900584221
3.99648094177
3.70994400978
3.75355696678
3.77680206299
3.84336090088
3.77331709862
3.78969907761
3.6982281208
3.64351892471
3.77751517296
3.87166595459
3.48442101479
3.87632513046
3.7355158329
3.59458088875
3.84242677689
3.55001783371
3.51925206184
3.73843002319
3.54128313065
3.8018488884
3.47792315483
3.68917298317
3.72333788872
3.45637798309
3.67652416229
3.51060605049
3.70967006683
3.49459910393
3.68203806877
3.49552202225
3.8922688961
3.54300999641
3.41981887817
3.71843194962
3.50512313843
3.74069905281
3.35804796219
3.60856795311
3.66458511353
3.40379881859
3.64228510857
3.54861497879
3.51986598969
3.48682689667
3.6787340641
3.49018406868
3.49309396744
3.51748490334
3.57609415054
3.5240240097
3.57497406006
3.26783394814
3.59225010872
3.36979293823
3.68333005905
3.55004692078
3.37072205544
3.54453921318
3.29428195953
3.55917286873
7.59385418892
5.80744886398
5.3501329422
4.50403809547
4.83849692345
4.39762496948
4.65835309029
4.50049495697
4.59621405602
4.39929986
4.38517594337
4.17444705963
4.40152692795
4.23452591896
4.40448093414
4.13790202141
4.23130989075
4.18969106674
4.17535996437
3.99024915695
4.19892406464
4.09839582443
4.08101201057
4.19026589394
4.00584411621
4.09673404694
4.20419788361
3.78528499603
4.10522699356
3.8958427906
3.95262789726
3.8546769619
3.79878282547
4.0447871685
3.77069592476
3.86731219292
4.00388097763
3.68090105057
3.91405701637
3.78488492966
3.90910291672
3.70086598396
3.79103302956
3.8708422184
3.70139694214
3.77941894531
3.70142889023
3.80655813217
3.69278812408
3.71315813065
3.65816402435
3.71601200104
3.68242502213
3.71888804436
3.55425286293
3.82047319412
3.5875749588
3.45988893509
3.69762706757
3.80891108513
3.57070493698
3.51698803902
3.68565607071
3.49873995781
3.78032207489
3.52773094177
3.54569888115
3.64158606529
3.7141418457
3.46745204926
3.52270007133
3.7654800415
3.56354999542
3.56494808197
3.65587902069
3.51849293709
3.57763910294
3.49200797081
3.50130295753
3.58507204056
3.61820197105
3.58154797554
3.50457692146
3.50609612465
3.58416795731
3.35221815109
3.65714001656
3.56385016441
3.48213195801
3.62268519402
3.37024593353
3.50303506851
3.56327295303
3.53140997887
3.51443219185
3.29656410217
3.54866814613
3.51509809494
3.49024915695
3.28998112679
7.68864107132
5.8022339344
5.29509592056
4.68615698814
4.68809700012
4.506264925
4.58395814896
4.53809714317
4.3668820858
4.44676995277
4.41273403168
4.28611087799
4.43286991119
4.30645179749
4.31088781357
4.25193309784
4.17484712601
4.03307914734
4.39339399338
3.95496916771
4.32178783417
3.97736001015
4.19227099419
3.94040203094
4.15536618233
4.07875800133
3.99532103539
4.09006500244
3.78457593918
4.01872420311
3.99745297432
3.75928211212
3.99075603485
4.01119112968
3.69484591484
3.99964499474
3.78084611893
4.00373697281
3.81620407104
3.77462506294
3.93309497833
3.51035881042
3.88706588745
3.70609807968
3.71501111984
3.88724184036
3.70755600929
3.77927494049
3.71588301659
3.57179808617
3.88542795181
3.50121998787
3.77156496048
3.7301299572
3.6898920536
3.58606886864
3.64371681213
3.7398788929
3.52193713188
3.67980003357
3.57547402382
3.70125699043
3.72423887253
3.38818001747
3.72574996948
3.67999219894
3.67598795891
3.49782586098
3.63825702667
3.54853606224
3.72436499596
3.59439086914
3.61269116402
3.54017186165
3.50458908081
3.61784982681
3.58285307884
3.5072851181
3.55249190331
3.52374005318
3.5591211319
3.53680300713
3.68757581711
3.49476289749
3.46928715706
3.49151301384
3.50864315033
3.48622298241
3.50674200058
3.69707584381
3.43333315849
3.58039188385
3.53250312805
3.30857181549
3.64529395103
3.25368881226
3.65490293503
3.53371620178
3.29426789284
3.60379195213
