Experiment Results
11.45865798
5.88566088676
5.26697301865
4.84100317955
4.82720112801
4.70973610878
4.49516201019
4.5148730278
4.52389883995
4.24594283104
4.49661684036
4.51995301247
4.40442490578
4.27912402153
4.2745578289
4.3150780201
4.2795021534
4.08244085312
4.3110640049
4.31060910225
4.27582716942
4.1205728054
4.01305007935
4.02910494804
4.16167902946
4.11352181435
4.08850002289
4.06148099899
3.91906690598
4.0258409977
3.88167285919
3.73469400406
3.84692907333
3.98666810989
4.08393406868
3.83330607414
3.90724897385
3.75549197197
3.96682691574
3.60375595093
3.92911815643
3.69146990776
3.81124210358
3.90658521652
3.56477093697
3.65220093727
3.98360490799
3.27495789528
4.2128059864
3.56000518799
3.67398405075
3.7506070137
3.70613217354
3.39395594597
4.05540990829
3.7051589489
3.27570700645
3.80118012428
3.68366098404
3.83032011986
3.5784599781
3.49465298653
3.8394639492
3.63525009155
3.69453692436
3.487429142
3.4873278141
3.96770215034
3.53901410103
3.472687006
3.81442904472
3.47786593437
3.55507493019
3.50296187401
3.75259280205
3.52636599541
3.51770210266
3.56451916695
3.58263421059
3.37584519386
3.71714782715
3.67635893822
3.40390014648
3.5970261097
3.54931616783
3.57872605324
3.57508683205
3.1350209713
3.63327097893
3.70325088501
3.50714802742
3.60903811455
3.29045796394
3.47983407974
3.38853192329
3.60666513443
3.38221597672
3.86047387123
3.37702918053
3.41534805298
7.72665190697
5.72126817703
5.23170495033
4.71165299416
4.73667216301
4.30197381973
4.88507699966
4.48302102089
4.29158091545
4.59795999527
4.19540905952
4.41759300232
4.46961379051
4.35075092316
4.21505904198
4.13719511032
4.24173808098
4.02152395248
4.08695697784
4.43747878075
4.12312793732
3.99542188644
4.03822803497
4.25558710098
3.92153692245
4.09078288078
4.29102110863
3.86133503914
3.86569190025
3.80601215363
3.97146296501
4.02872800827
3.75718307495
3.96291208267
3.90212583542
3.62688207626
3.86164498329
3.97485017776
3.87217307091
3.75611686707
3.88976716995
3.87464499474
3.98877000809
3.60406303406
3.70445084572
3.59450912476
4.00186491013
3.80667304993
3.65164899826
3.65454888344
3.4438021183
4.02686309814
3.5747718811
3.85558509827
3.66471481323
3.36104822159
3.9428191185
3.70463609695
3.63398599625
3.7291328907
3.58325004578
3.56184196472
3.85463404655
3.55078887939
3.5105741024
3.97206282616
3.60965299606
3.6398460865
3.52683091164
3.28040099144
4.06474781036
3.72240185738
3.62077713013
3.59790492058
3.68620085716
3.62887883186
3.61178708076
3.56066584587
3.46598100662
3.16635584831
3.65156602859
3.69108200073
3.5568318367
3.50330805779
3.44813203812
3.91855192184
3.19196605682
3.89134907722
3.58287811279
3.40682601929
3.57057499886
3.4417579174
3.35279297829
3.63484692574
3.67333006859
3.40282297134
3.542771101
3.32824206352
3.41336393356
3.57270407677
7.54108595848
5.59142494202
5.39270401001
4.49699783325
4.86847996712
4.48942303658
4.8064031601
4.62032794952
4.60414290428
4.2703499794
4.39573287964
4.29639196396
4.38827204704
4.31854891777
4.36093997955
4.09605193138
4.21573996544
3.99235010147
4.39693713188
4.13858795166
4.02017807961
4.1925110817
4.07744908333
4.04214811325
4.04005002975
4.10515093803
4.04811811447
3.98481488228
3.8577940464
3.93645191193
4.12295794487
3.68212985992
4.10491013527
3.8226480484
3.86854505539
3.68585300446
3.97485804558
3.97025203705
3.86350417137
3.81646299362
3.90234899521
3.85564994812
3.87204504013
3.85627603531
3.53436994553
3.82137298584
3.78916192055
3.46401000023
3.8254108429
3.78565502167
3.88687801361
3.53314900398
4.01932096481
3.54137706757
3.79558110237
3.53121089935
3.71920180321
3.52596497536
3.47650909424
3.59192800522
3.64448595047
3.87116980553
3.53546094894
3.3592839241
3.6477291584
3.73780298233
3.58209300041
3.69526386261
3.17484211922
3.94163703918
3.40891599655
3.85585403442
3.58406615257
3.3824429512
3.85111308098
3.64234995842
3.5508480072
3.58873510361
3.48657512665
3.58224081993
3.5664601326
3.46059393883
3.41855216026
3.32613706589
3.81902694702
3.63330507278
3.79294800758
3.54479813576
3.22642803192
4.06722784042
3.38133192062
3.40689516068
3.36025094986
3.77571201324
3.47685599327
3.36819291115
3.5449090004
3.35958504677
3.43083906174
3.6187710762
7.47520685196
5.94764304161
5.26705384254
4.67303776741
4.62710785866
4.79992389679
4.39924502373
4.60748100281
4.41322994232
4.29805612564
4.22696614265
4.7153980732
4.1536488533
4.55801391602
4.27379012108
4.27791690826
4.13309907913
4.09911799431
4.19827890396
4.15106606483
4.24839496613
4.09817385674
3.98214912415
4.19560194016
4.07077288628
3.84232592583
4.31414198875
3.78284597397
4.05080199242
3.92401885986
4.09404587746
3.75365686417
3.96321177483
4.06607317924
3.82530093193
3.83558702469
3.82988214493
3.94186592102
3.69107890129
3.96004796028
3.8261089325
3.89113688469
3.59945321083
3.91600108147
3.78186607361
3.48602604866
3.66417193413
4.01056003571
3.63680100441
3.71237492561
3.62605786324
3.7613401413
3.3946788311
3.9634809494
3.59122014046
3.85635900497
3.31575202942
4.10382199287
3.53675913811
3.61225700378
3.57501387596
3.76068210602
3.68221497536
3.73578691483
3.58896994591
3.71750688553
3.49752402306
3.34559202194
3.94647502899
3.42232489586
3.80686712265
3.66723299026
3.58822894096
3.3910548687
3.77366900444
3.44648599625
3.62904310226
3.379570961
3.76857304573
3.74514102936
3.68322300911
3.63940620422
3.35370516777
3.80447888374
3.51475381851
3.62425088882
3.28892493248
3.82711482048
3.55985403061
3.40652799606
3.33667802811
3.73246097565
3.34512805939
3.5532450676
3.67169904709
3.39365911484
3.57722210884
3.31487584114
3.50746488571
3.8100631237
7.58391284943
5.79077219963
5.14059710503
4.77000308037
4.76091885567
4.51357507706
4.78428196907
4.33297014236
4.58295202255
4.22004890442
4.48180794716
4.44479203224
4.2541809082
4.33216094971
4.3207089901
4.2655711174
3.96075391769
4.46955680847
3.7601120472
4.33213496208
4.13781499863
4.30927205086
3.89835786819
4.49155497551
4.06904196739
3.98179507256
4.22158098221
3.97845482826
3.86814689636
4.18680214882
3.93910002708
3.81313800812
4.09691309929
3.8310918808
3.67966508865
3.9573199749
3.94637489319
3.80323505402
3.82186985016
3.73645401001
4.07518005371
3.63813209534
3.60053396225
3.61419200897
4.03545689583
3.77766489983
3.88705515862
3.57814502716
3.57038283348
3.90853595734
3.72028183937
3.56808495522
3.68317890167
3.55790090561
3.77278709412
3.92897295952
3.46971702576
3.87405896187
3.4382519722
3.577657938
3.85897183418
3.56464982033
3.40313601494
3.86252689362
3.55299401283
3.70438909531
3.56271600723
3.67929005623
3.49623012543
3.4703271389
3.84267306328
3.76178789139
3.65735387802
3.61486411095
3.37214112282
3.74259090424
3.55032801628
3.56830501556
3.55387496948
3.64461112022
3.58340716362
3.7589969635
3.63892006874
3.62487888336
3.58195400238
3.43266892433
3.40075802803
3.60905098915
3.39164209366
3.80033802986
3.42295193672
3.58732581139
3.19266414642
3.76793789864
3.42678403854
3.40317988396
3.52235007286
3.57472515106
3.15357303619
3.6364159584
7.59190702438
5.85735797882
5.32543802261
4.8915951252
4.78383803368
4.65445899963
4.39453101158
4.69563698769
4.35611796379
4.48761582375
4.26949501038
4.4925339222
4.2474899292
4.26791596413
4.29842805862
4.45253300667
4.12017798424
4.15160298347
4.25342392921
3.88179779053
4.15642905235
4.04043006897
4.27205681801
4.44950509071
4.11867499352
4.14089989662
3.94726586342
3.98974704742
3.86697292328
4.08432292938
3.89114689827
3.72895598412
3.79809808731
3.76888394356
4.35060811043
3.78193807602
3.72350001335
3.95996880531
3.84072494507
3.53123688698
4.01567411423
3.68990683556
3.9821228981
3.64927792549
3.79609799385
3.57552909851
4.00772404671
3.88673305511
3.55924296379
3.65358901024
3.749117136
3.5865418911
3.79402685165
3.50667691231
4.1211950779
3.52954792976
3.89075708389
3.5533220768
3.78843903542
3.50830292702
3.63246393204
3.43033695221
4.09040284157
3.555519104
3.39125609398
3.80907201767
3.53611207008
3.75199389458
3.52761411667
3.64355301857
3.72483897209
3.69671607018
3.63668203354
3.37934398651
3.74989509583
3.75971889496
3.53659081459
3.49988794327
3.71977496147
3.63750505447
3.61628508568
3.4494638443
3.59197402
3.63386583328
3.41312885284
3.58257603645
3.65648889542
3.36816191673
3.15344810486
3.93296504021
3.52856683731
3.58788585663
3.25463604927
3.53654718399
3.70262598991
3.29638004303
3.70310306549
3.44780611992
3.34083890915
3.62535405159
