Experiment Results
204.982359171
299.006542921
298.640341043
298.503654003
298.953950167
201.944584131
273.849854946
283.076214075
298.449518919
226.553556919
223.206731081
223.466374159
224.327633142
298.219837904
280.010280132
224.64070487
222.81409502
201.503386974
215.07701087
216.711504936
264.68690896
223.410996914
224.558823109
238.420037985
272.780785084
223.560941935
197.504578114
201.19492197
223.49448514
224.011625051
299.617267132
201.450731039
201.392137051
223.801295996
224.294649124
222.623754025
208.801396132
201.291688919
298.769030094
197.723877192
223.452558041
223.843832016
197.718298912
205.278954983
231.24710393
224.613739967
202.538406849
222.297734022
257.786118031
247.035388947
223.638329029
201.969110966
223.328451157
238.858388901
276.218144894
222.066433907
237.820976019
176.9513731
200.507424831
200.97854495
224.387070894
201.187263966
297.554605961
223.964103937
223.990424871
230.574409962
201.905400038
223.789463043
201.68453908
227.622364998
297.620172977
299.088773012
299.637670994
242.617970943
223.23132205
299.075130939
201.664241076
204.810193062
224.187151909
209.184561014
224.094991922
223.229516983
265.779742002
224.109495163
199.900151014
224.279575109
223.275475025
261.704602003
223.310821056
283.588218927
201.464082956
261.742899895
200.033293962
201.215211153
299.195045948
224.487302065
198.101394176
291.096189976
253.074043036
224.007157803
201.558161974
298.03512907
299.003133059
299.384089947
299.233392954
201.663078785
276.091521978
283.890672922
297.976423025
226.185034037
224.466591835
223.131778002
223.597667933
298.029145956
280.127141953
224.899731159
223.528409958
201.943120003
216.593002081
216.984822989
265.645121098
223.861564159
224.574048042
238.237991095
272.649933815
223.819752932
197.867686033
201.588378906
224.607690096
223.683016062
297.16355896
201.341832876
199.662116051
224.710004091
223.00859499
223.679306984
207.468789816
202.32278204
298.52110815
197.651119947
222.03618288
223.69238019
198.065795898
205.221379042
231.482043028
223.599002838
199.74314189
223.253244162
255.963794947
246.1536901
223.322124004
202.19343996
223.110666037
236.93252182
276.294989109
224.058579206
237.902239084
176.174421072
201.518976927
202.511836052
224.412935972
202.335500002
298.633091927
223.667139053
223.686547041
229.33081913
201.687560797
224.276972055
201.197482824
225.498750925
298.310319901
299.221437931
298.171163082
242.870512009
223.773989916
298.036413908
202.134655952
205.536190033
223.09611392
207.983347893
223.589967966
223.89515996
265.723256111
223.759189844
201.797265053
223.807847023
224.176424026
260.705992937
223.786401033
284.008636951
201.187275171
260.797782898
202.478085041
199.881844997
299.17437911
224.725235939
197.875339031
289.634155035
254.461168051
222.689789057
201.666605949
296.939969063
298.600997925
296.976925135
297.207594872
201.849535942
276.355319023
284.076047897
298.594949961
228.244115114
224.493512154
223.673399925
222.64271307
299.22597599
280.304543972
224.63200593
222.280164957
200.665657997
216.321177006
216.906178951
265.040232182
224.148592234
223.982128143
239.611737013
271.696856976
223.970165968
196.697314978
201.679026127
224.031320095
224.558614969
298.431278944
202.159459114
201.813040972
222.574719191
223.086300135
223.897720098
209.477069139
201.322053909
296.915814877
197.549649954
224.545258045
224.323781013
196.20612216
205.539996147
232.196735144
222.948973894
201.725157022
223.867554188
256.853914976
246.640473843
224.594905138
202.016008854
223.48193717
239.02841711
276.851085186
224.580377817
239.326268911
176.840322971
201.608134031
201.602168798
224.29977107
201.777251005
297.376681089
223.947815895
223.993828058
231.563846111
200.681565046
224.812401056
201.595638037
228.224871874
296.67961812
298.691243887
298.443042994
242.256504059
224.557453156
299.443898916
201.243834019
203.550523996
224.251868963
209.618005037
224.551932812
224.038375139
265.574976921
224.500541925
202.001631021
223.593075991
224.087692022
259.777759075
223.895550013
283.908577919
201.602782965
261.407755852
201.746304989
201.803108931
298.714713097
224.647178888
197.987845182
291.230535984
253.074136019
224.497831106
201.997946978
298.822589874
298.477262974
299.094720125
298.39168191
202.137723923
276.84175396
283.994809151
298.722607851
225.848458052
223.893136024
224.109220982
222.89665103
298.912218094
279.708475113
223.835310936
223.900416851
201.887582779
216.813029051
216.391798019
263.55480814
222.472843885
223.210326195
238.671768904
272.594564199
223.9580369
197.902718067
201.908793926
224.617763042
223.963991165
297.047037125
202.006232023
200.379034042
224.181186914
223.852937937
223.976059914
208.747089148
201.91277504
299.212254047
197.578692913
223.898418903
224.016901016
198.443388939
206.000078917
231.900579929
223.926684141
202.533929825
222.517848015
257.598948956
245.404089212
222.88277483
201.881169796
223.311249971
239.401019096
276.403705835
224.559544086
238.608094931
175.489561081
201.685428858
201.600588799
222.550086021
200.327527046
299.071404934
223.154098988
224.572946072
231.212814093
201.711282015
224.601449966
201.857012033
229.118443012
297.333858967
298.610753059
299.47954607
240.969829082
224.037003994
296.996011972
201.689280033
205.496425152
224.034734011
209.066820145
222.409159899
223.626861095
265.149690866
224.104619026
202.566018105
224.415364027
228.277497053
262.391435146
224.212867975
284.600023031
199.99148488
265.182901144
202.635590076
201.606712103
302.986120939
223.657361031
197.582822084
291.994534016
253.575433969
222.707334042
202.583548069
304.522768021
298.889412165
297.893131971
302.302965879
201.670273781
276.508674145
288.194124937
300.098910093
225.611355066
224.33176589
224.591542006
224.910280943
301.338325977
282.160562038
227.175075054
224.511672974
202.406044006
217.558806896
216.886017799
268.315561056
223.772119045
226.01020503
243.738243103
275.738435984
224.459095955
197.839104176
200.867326975
224.090234995
225.93629694
308.496408939
200.766656876
200.09266305
226.494230032
226.3971138
227.080016851
210.290693045
203.653229952
304.462894201
198.547841072
226.628190041
226.410165071
199.062450886
206.016000986
235.351642132
230.624732018
204.778177023
224.489310026
258.497829199
246.695389032
224.203807116
202.777880192
224.898137093
242.02436614
280.513051033
224.673547029
239.27611804
175.068768978
201.922013044
201.875409842
225.915085793
204.178242922
301.64309001
227.173897028
223.761730909
234.916610003
202.074038982
222.99070406
200.896938086
228.594598055
303.050428152
298.889281034
301.985187054
247.161759853
224.873167038
303.70255208
202.207309008
205.797663927
225.191944122
210.080899954
226.897828102
225.713922977
264.276390791
226.167045832
202.893807888
226.630723
226.071268082
262.796314955
227.442921877
288.954602003
199.50243187
262.311367989
201.968276978
200.585494995
296.636480093
224.23367095
198.018743038
294.099730015
258.206120968
226.673856974
204.090738058
297.024832964
300.505142927
299.763656139
299.12725997
201.834856033
274.639780998
288.493366003
301.097794056
227.736843824
227.99693203
225.698679924
229.96705699
305.071487904
282.747868061
224.191220045
227.148939848
206.043510914
216.607107878
219.973217964
269.098371029
224.10046792
222.594450951
239.714905024
272.374032021
223.907027006
198.660946131
205.602262974
227.311727047
225.699620962
303.429604053
203.533695936
201.785831928
229.818096876
226.789144993
222.684167147
209.500173092
203.099987984
301.529345036
199.216759205
224.959044933
222.891463995
201.543352842
206.496921062
232.601850033
228.080943108
200.242887974
224.87395978
260.91106391
247.2903409
228.789937019
201.575421095
225.786597967
243.282083035
278.83684206
221.90941
239.563593149
179.084931135
201.393154144
204.429028988
225.487512112
206.14447403
305.651787996
224.565207958
223.730981112
231.574950933
202.377747059
224.096687078
203.084474087
228.595894098
301.446167946
302.789259911
305.479001999
241.870336056
227.381608009
304.62471199
201.877350092
211.584174871
224.800014019
213.184229136
223.389066935
230.115878105
265.810399055
222.070464849
202.478091002
229.438848019
222.078723907
261.675346851
224.891278028
287.687289953
201.733637094
265.153246164
200.906407833
205.291028023
301.924407005
224.447217941
200.087195873
289.926954985
257.573611021
228.691305876
