Experiment Results
21.7686870098
16.8641729355
19.558123827
20.3435781002
21.122918129
19.0080590248
19.4203999043
18.6673750877
18.6572611332
20.146435976
17.9239330292
21.0666139126
18.9846839905
19.5193219185
20.0610508919
19.6425690651
21.1838181019
16.9292330742
17.554901123
21.0696458817
21.0757369995
22.0147590637
21.3977298737
21.3409328461
18.8105120659
18.1717889309
19.6349079609
17.2707340717
21.4579908848
21.7900750637
21.2948949337
20.7743771076
21.5858027935
18.8061089516
18.4213910103
17.2038550377
21.160089016
16.1580300331
19.7426788807
18.2391901016
20.3972439766
21.3841979504
20.9067590237
20.1619069576
20.9572460651
17.164634943
18.4793651104
18.7685599327
17.7655639648
18.9162900448
18.1106739044
17.9644389153
20.5438408852
17.3778278828
20.8040997982
21.6938688755
19.1184649467
18.925796032
22.0286960602
21.6360461712
19.1742548943
21.572535038
20.8638670444
20.2314591408
17.7371361256
21.4110848904
20.9762890339
20.4003088474
18.608217001
18.1096451283
19.6339280605
20.4774451256
19.3331830502
19.4630098343
18.1861958504
17.3538899422
19.4604780674
20.8739430904
20.3702390194
20.8271582127
19.3799791336
20.3241860867
21.5707650185
20.9565210342
20.5199978352
18.2974891663
19.504119873
21.0705230236
21.8070471287
21.001073122
21.6145989895
21.4473118782
21.1558310986
21.0977451801
20.4814879894
21.7685279846
25.5236079693
21.7852139473
21.5455169678
21.3245971203
19.492399931
17.613394022
18.2180130482
19.5897450447
19.7190670967
20.3120691776
21.3238790035
21.3675589561
21.7461428642
21.6825768948
21.4996569157
19.8368451595
18.8590669632
18.1947028637
18.8398070335
20.5115778446
19.7130680084
17.9450831413
17.9233520031
19.4839808941
17.7480270863
21.3582880497
19.2142469883
17.8509130478
17.0300579071
20.752612114
17.7522208691
17.4962611198
16.017277956
18.8829729557
17.3852419853
17.3150999546
19.6056699753
20.2308599949
18.9046590328
20.3818869591
19.0761010647
19.2679231167
17.6608920097
21.1912419796
19.279168129
20.9592790604
21.0729720592
19.9815320969
17.7466270924
18.0438120365
21.4563789368
21.4783830643
21.5027899742
21.5701239109
21.0024609566
17.3464989662
20.0915050507
20.3953869343
18.8418939114
17.5811738968
21.3904540539
21.3494260311
20.9867930412
22.0010039806
21.1020450592
17.6972548962
20.601131916
19.1677629948
16.7827451229
16.6881620884
21.15092206
20.154337883
22.1707708836
21.3465089798
21.3746638298
20.5085680485
21.4818129539
18.6653628349
19.3928589821
17.3703591824
17.7302730083
20.8000149727
17.2209429741
21.2778761387
17.0725829601
16.4956729412
17.8974118233
20.6180598736
17.637704134
19.4821858406
18.2254471779
21.2429728508
17.3878159523
19.3653521538
21.4535009861
18.775821209
17.3283200264
20.6854219437
19.2785220146
21.4566590786
19.8784389496
19.4034719467
18.5562160015
17.7207250595
15.8858380318
18.0083620548
18.2431850433
18.4812209606
20.7572159767
19.5310230255
20.5239708424
21.176046133
19.900908947
19.145583868
17.3833291531
18.5855669975
18.8867270947
20.1232118607
19.7427709103
20.4305520058
15.6960499287
17.46220994
18.0561361313
19.2025649548
17.54083395
18.0864248276
18.966135025
20.7725508213
19.6263201237
19.6228859425
20.5925061703
19.750772953
17.2195620537
17.7716119289
21.8075590134
18.0416140556
22.0982949734
20.1119909286
20.5345180035
21.0465838909
21.6398100853
20.2071459293
21.1623258591
21.1779201031
22.0663778782
20.9396109581
19.0913469791
20.9016389847
21.3925271034
21.155933857
21.3993120193
19.7952430248
17.5392150879
21.0388970375
22.0743601322
20.7544128895
19.704638958
21.7850949764
18.2178971767
19.0101318359
19.1358280182
19.2363541126
22.0708479881
21.7230329514
21.1844120026
20.0922348499
22.0129570961
21.2516758442
21.1431159973
19.9200108051
21.0813291073
21.5149259567
21.0866370201
20.381125927
21.2860949039
21.4575948715
21.0466730595
20.7154340744
19.6632249355
19.7234470844
20.5190520287
21.3153288364
17.2357778549
21.0445868969
19.0931758881
21.468930006
19.6033029556
21.110970974
19.0995979309
18.3875441551
21.1244330406
19.3152589798
17.6074278355
20.6992821693
21.5482931137
19.4570229053
21.9569280148
19.2597517967
21.1845769882
18.9413299561
21.1215450764
17.6729881763
19.6591501236
17.9489629269
19.3563990593
18.3065910339
18.3823020458
19.9967041016
20.0141749382
21.5936331749
19.9573049545
18.2265160084
19.739345789
19.3032348156
20.3296720982
21.1031529903
17.3566651344
20.0612750053
21.3631920815
17.5633468628
18.387887001
21.7713491917
20.5126991272
20.4185330868
17.999407053
21.4862809181
23.8977069855
20.0844020844
20.7501671314
17.0847218037
16.2429411411
21.5351679325
18.5040578842
19.8074948788
21.3846390247
20.9951541424
21.2974569798
21.3473889828
21.2098197937
22.3090639114
21.9316051006
21.9036290646
20.7736251354
17.3404018879
21.6107800007
22.0351259708
21.7495880127
17.7332031727
21.4898078442
19.0387179852
19.5163738728
20.9583308697
18.9827489853
20.1799998283
21.2599041462
18.2305209637
21.005038023
21.6878051758
21.1281049252
17.3991210461
20.4866068363
21.129543066
21.402810812
17.2891490459
17.2566788197
17.3559410572
20.4365949631
21.017261982
17.6324701309
17.8185870647
18.3912498951
16.8619990349
19.0119550228
17.645111084
17.4595429897
21.4617440701
20.0157058239
17.7410459518
17.8821671009
18.8706278801
20.2615921497
19.2061181068
20.9498150349
18.3705968857
18.1407539845
18.2910089493
17.1886150837
20.4591801167
20.4160368443
20.2074589729
21.1080369949
21.5395629406
20.6397619247
21.7076878548
21.5063431263
21.6432228088
19.1864101887
20.380674839
18.9248859882
20.6870150566
21.4939720631
19.4384410381
19.2444579601
19.5578219891
20.1672940254
16.3029739857
19.0928418636
20.88438797
18.7973041534
21.5277729034
18.9615011215
17.7296180725
18.9509408474
18.3055520058
21.5450658798
17.4593141079
21.37063694
21.3038179874
20.8707389832
21.4321000576
25.3661558628
18.1903829575
19.4110980034
17.1021969318
21.0148780346
21.5456111431
20.8661730289
21.1063449383
21.0349841118
21.5403578281
20.6925480366
22.4543869495
19.1426188946
16.3265151978
20.4158730507
21.1332900524
15.9579219818
21.1729969978
18.8204679489
19.799642086
19.9235429764
17.6935379505
20.873966217
20.1907720566
21.947781086
19.6338219643
20.5989871025
24.246062994
21.3802549839
19.6213738918
18.9976468086
17.4436988831
20.6554870605
20.7435071468
19.3136558533
20.8091590405
20.0431518555
17.7515978813
18.5395550728
20.9108848572
18.1527221203
18.8057761192
20.9438910484
18.4353990555
20.7150809765
18.0704679489
16.6629478931
19.9833679199
20.5688281059
18.1589848995
17.6446909904
20.7583310604
21.0615320206
18.3172581196
20.9409351349
20.7842590809
19.5108969212
18.8156430721
19.8745539188
19.9469490051
16.8588581085
21.1177470684
20.0676431656
21.4365677834
20.7246711254
20.4660789967
21.3578240871
20.7938821316
20.1223220825
20.3380229473
17.4234461784
18.3070101738
19.9304208755
19.7486319542
20.5636520386
20.9116182327
20.893627882
21.4292209148
21.6448030472
16.6947178841
21.2978198528
19.4902451038
21.1296620369
20.4034540653
19.9464490414
21.7837901115
21.1391408443
21.3315651417
21.4309029579
21.3060789108
21.1773319244
21.1688730717
18.1708960533
16.64803195
17.745388031
15.7750821114
21.1842970848
18.3001449108
20.68222785
20.9475471973
21.668184042
21.1299951077
21.5327589512
22.1458468437
19.2069380283
21.1289269924
17.2726020813
17.6221740246
21.4879598618
19.7005519867
20.6173009872
21.4715099335
21.666782856
21.1528890133
20.813655138
21.3342530727
21.3095700741
18.8573250771
19.2801818848
21.2015750408
17.5962660313
17.7196481228
16.3857498169
21.0705411434
17.739413023
20.8763990402
17.9090230465
21.3320689201
17.2828879356
20.8436770439
21.0221970081
18.6808578968
20.7326350212
22.3212790489
21.0599958897
20.6474711895
20.4095659256
21.3607978821
21.3388938904
18.6958348751
21.0740230083
19.7192358971
20.8818249702
21.6892938614
21.4613330364
20.6122450829
22.2461009026
20.3760409355
21.725839138
21.3334069252
18.3677198887
15.8939990997
20.6179049015
21.3640260696
17.601197958
20.8501319885
21.6628799438
20.867964983
21.2783660889
21.3593289852
21.2117869854
21.0567750931
19.465734005
18.7410299778
19.3121569157
19.8778760433
20.4335260391
21.3709619045
20.7245399952
20.1366009712
21.0903270245
19.9878818989
21.5418040752
21.0561070442
21.6155769825
20.7932109833
20.3346991539
21.2650539875
23.1513011456
23.0989668369
21.1617569923
22.1572179794
21.2301800251
20.8928449154
