Experiment Results
2.744747929275036
2.5727601647377014
2.5676908995956182
2.673837309703231
2.4789392463862896
2.57505795173347
2.373207777738571
2.5899872072041035
2.2748575899749994
2.588049365207553
6.786498675122857
2.386464636772871
2.284010622650385
2.3926574997603893
2.8708662670105696
2.2900374960154295
2.3787273447960615
2.4917093385010958
2.4861776586622
2.3020071741193533
3.0762984603643417
2.284692157059908
2.3821886014193296
2.584862321615219
4.589680388569832
2.3814641553908587
2.294010266661644
2.20511388592422
3.2723183762282133
2.6936951130628586
2.4790658466517925
2.398448210209608
3.192387456074357
2.299700915813446
2.66006170026958
2.3015275094658136
2.180880995467305
2.493888057768345
2.49170108884573
2.381506884470582
2.4872443210333586
5.7981139197945595
2.3012678250670433
2.282304210588336
2.9889290053397417
2.3880417943000793
2.1892881635576487
2.2970116045325994
2.0868239011615515
2.093505796045065
2.182837462052703
2.296698857098818
2.0957901179790497
2.385139975696802
2.1911242827773094
2.0903220251202583
2.2145825307816267
2.0738835465162992
2.190928142517805
1.9859264604747295
2.425839914008975
2.169025208801031
2.2806653417646885
2.0011358615010977
2.1661236342042685
2.213473943993449
2.392168330028653
2.189330095425248
2.410557782277465
2.1794315092265606
2.2937371749430895
2.0946516934782267
2.28670122846961
2.1011829283088446
2.294697418808937
3.196522256359458
2.085106121376157
2.1917705181986094
2.1859011594206095
2.2174535300582647
2.1773395966738462
2.2837583739310503
2.8003764897584915
2.294251799583435
2.3923437260091305
2.093414317816496
2.390430735424161
2.091133626177907
1.9954457022249699
2.091256022453308
2.082806406542659
2.2277316823601723
2.2607652470469475
2.4093639086931944
2.177467692643404
2.316783130168915
2.1740720365196466
2.2903913408517838
2.297863196581602
2.191266767680645
2.8638491816818714
2.4595992267131805
2.767635839059949
2.783115664497018
2.578127693384886
2.569663917645812
2.49156241863966
2.376416377723217
2.485566383227706
2.5808621291071177
2.385394601151347
2.599416369572282
2.3608646262437105
2.584690134972334
2.397016901522875
2.677836898714304
2.2836666386574507
2.5133591424673796
2.366700356826186
2.2770573776215315
2.485735472291708
2.5679016541689634
2.509777979925275
2.3837026339024305
2.2992181330919266
2.284369695931673
2.2879795506596565
2.4841424711048603
2.5015967544168234
2.571127062663436
2.4820355772972107
3.0052478183060884
2.793737618252635
2.365011913701892
2.4083539117127657
2.2702005114406347
2.1892336159944534
2.2915502842515707
2.187591038644314
2.3977994937449694
2.2798283509910107
2.198425617069006
2.397288830950856
2.2752186991274357
2.200537057593465
2.187100863084197
2.2869938146322966
2.4958099089562893
2.309542741626501
2.168646803125739
2.0951029006391764
2.2832846343517303
2.2041714154183865
2.5766361076384783
2.2974049374461174
2.487638445571065
2.5214492958039045
2.168617492541671
2.9993037339299917
1.991243600845337
2.1811067052185535
1.9954381491988897
1.9869417268782854
2.1995088178664446
2.2853802908211946
2.394573014229536
2.500086596235633
2.392343543469906
2.3874531276524067
2.5071704499423504
2.070384982973337
1.9998774398118258
2.188076512888074
2.3921004440635443
2.10162004083395
2.195774482563138
2.4932382609695196
2.3769403342157602
2.097498355433345
2.201382774859667
2.109182171523571
2.263671960681677
2.517196200788021
2.375694867223501
2.192969111725688
2.3906069360673428
2.296269143000245
3.497311804443598
2.1838292870670557
2.28854894451797
2.4107624739408493
2.1868138387799263
2.1953008379787207
1.9901799727231264
2.38547689281404
2.4027528669685125
2.2885668873786926
2.3178520873188972
2.2734640073031187
2.2978431917726994
2.8385393992066383
2.772762443870306
2.752849640324712
2.7829995919018984
2.5867064651101828
2.289177382364869
2.36721901781857
2.581419350579381
2.1911640223115683
2.381573049351573
2.378071639686823
2.3836818635463715
2.575232731178403
2.294281207025051
2.582188844680786
2.182582713663578
2.484613388776779
2.695650912821293
2.2850195337086916
2.492508253082633
2.2698653656989336
2.395885404199362
2.2829089127480984
2.6952155120670795
2.2791634034365416
2.480728007853031
2.3897392135113478
2.398011537268758
2.2941912319511175
2.670461906120181
2.3844837937504053
2.2103696279227734
3.5787257347255945
2.4801154546439648
3.587725730612874
2.386358108371496
2.1700018364936113
2.0196731835603714
2.1835857834666967
2.300427356734872
2.7704934999346733
2.30647680349648
2.184854770079255
2.492846256121993
2.200276078656316
2.3782702665776014
2.2868699710816145
2.5043569933623075
2.080593839287758
2.194785751402378
2.092154858633876
2.2803472485393286
2.1040857434272766
2.475619228556752
2.4051367677748203
2.086643787100911
2.294533623382449
2.0905994586646557
2.0839662738144398
2.2933473754674196
2.2878534868359566
2.1973748113960028
2.289047433063388
2.2035793475806713
2.288637002930045
2.2922344729304314
2.2927379608154297
2.1014831252396107
2.185668023303151
2.3814108688384295
2.3922195862978697
2.431624736636877
2.2653847336769104
2.204412616789341
2.0746184308081865
2.1989236064255238
2.3850306570529938
2.29258131980896
2.0035592820495367
1.9890925716608763
2.0819252878427505
2.3770706057548523
2.3181334920227528
2.0757148135453463
2.0106417760252953
3.097903238609433
2.188403306528926
2.182291077449918
2.2019143905490637
2.184529712423682
2.2008746061474085
2.1924605071544647
2.3861074950546026
2.2020983304828405
2.1929060369729996
2.1905630826950073
2.893441963940859
2.2839480862021446
2.1067004818469286
2.3856977969408035
2.5728634167462587
2.5728116873651743
2.6468012370169163
2.776871608570218
2.76898773945868
2.7794386819005013
2.587793443351984
2.3752535078674555
2.3871375154703856
2.386914100497961
2.4835930727422237
2.3958835005760193
2.366256581619382
2.321221027523279
2.3574126064777374
3.582161206752062
2.476449416950345
4.003006912767887
2.178195608779788
2.2788315415382385
2.386995716020465
2.1977070979774
2.275890126824379
2.2042519357055426
2.3951197750866413
2.2624632697552443
2.2942107040435076
2.5578633695840836
2.4228204395622015
2.6820305716246367
2.494039785116911
2.3734441958367825
2.294360399246216
2.2808605674654245
2.4055195432156324
2.3550246339291334
2.2019475512206554
2.2939066905528307
2.183406909927726
2.3021167889237404
2.3748595137149096
2.4011468812823296
2.391171181574464
2.182361224666238
2.1036102157086134
3.7891602031886578
2.3062380868941545
2.5621764790266752
2.092826433479786
2.4177448246628046
2.188264813274145
2.406736010685563
2.152681240811944
2.5900121610611677
2.3062402587383986
2.1868712678551674
2.1075015384703875
2.4829149171710014
2.3765495754778385
2.119812920689583
2.362034697085619
2.1968465857207775
2.24259364977479
2.210049085319042
2.1905828416347504
2.197935475036502
2.3901344276964664
1.9883377403020859
2.410275761038065
2.3687740564346313
2.186816234141588
2.09433426707983
2.2956589478999376
2.385411147028208
2.3160807602107525
2.377433756366372
2.2029150296002626
3.3806622084230185
1.9936786461621523
2.484327420592308
2.0087133459746838
2.5878601670265198
2.3003056794404984
2.367187388241291
2.2004232704639435
2.5069185364991426
2.2693320587277412
2.1138776671141386
2.4779312536120415
2.109026527032256
2.18561146967113
2.189304793253541
2.093899730592966
2.0008107759058475
2.0931893587112427
2.1063602548092604
4.177487848326564
2.377719674259424
2.3131122067570686
2.0873956698924303
5.126819768920541
2.583825236186385
2.563894471153617
2.710203757509589
2.4598931185901165
2.474099103361368
2.2714161016047
2.6886914018541574
2.489050794392824
2.781802125275135
2.4728572387248278
2.5905855614691973
2.3737389519810677
2.29446785338223
2.2957906424999237
2.3762287218123674
2.3788222428411245
2.306556122377515
2.2671095840632915
2.2962002586573362
2.481895036995411
2.3941098283976316
2.3775948621332645
2.4934843573719263
4.791289854794741
2.274438049644232
2.390574038028717
3.680601892992854
2.291587809100747
2.488307999446988
2.4867787659168243
2.262362126260996
2.317637300118804
2.182823618873954
2.3163356725126505
2.3657162319868803
2.1047434229403734
2.291314760223031
2.279247021302581
2.4025425799191
2.3724090587347746
2.2861935049295425
2.284024389460683
2.3971965089440346
2.2956693172454834
2.191580643877387
2.281168444082141
2.303043833002448
2.085342939943075
2.090365543961525
2.0991418696939945
2.273677533492446
2.400122730061412
2.1832114178687334
2.290079602971673
2.7988532669842243
2.267878033220768
2.0121296010911465
2.1020891424268484
2.185790680348873
2.289638241752982
2.1133068595081568
2.2883694395422935
2.0844483617693186
2.086680704727769
2.205109128728509
2.4792708083987236
2.0883842278271914
2.1169890016317368
2.3701914623379707
2.3993342593312263
2.2844964247196913
2.2894146349281073
2.1894631814211607
2.2015014458447695
2.393583968281746
1.9955860432237387
2.2868291586637497
2.1895443834364414
2.121370481327176
2.064654279500246
2.1999973729252815
2.0867745615541935
2.2016690485179424
2.090912939980626
2.103215279057622
2.2802716325968504
2.210143055766821
2.0813182462006807
2.490438036620617
2.1023509949445724
2.2828444819897413
2.2919166702777147
2.205095738172531
1.998538713902235
2.18037274107337
2.192355442792177
2.2883362863212824
2.2920383270829916
2.1938954275101423
2.65631665289402
2.8901380375027657
2.64535353705287
2.778337851166725
2.4790578857064247
2.578600313514471
2.5684029795229435
2.593992043286562
2.3841101992875338
2.580428237095475
2.3772827461361885
2.1829794235527515
2.3826717380434275
2.3035029340535402
2.274084735661745
2.2889041677117348
2.3927625007927418
2.472800774499774
2.3888322580605745
2.39173380471766
2.378565274178982
2.1902758423238993
2.3870963007211685
2.3862969372421503
2.3829460497945547
2.2792000994086266
2.4196515027433634
2.368884289637208
2.2853864021599293
3.597554747015238
2.3827846944332123
2.1832130290567875
2.285378634929657
2.1958707850426435
2.1823272947221994
2.3025368247181177
2.3720517084002495
2.3916572108864784
2.2886977829039097
2.4337652940303087
2.2555632665753365
2.177753431722522
2.416797421872616
2.2832069732248783
2.375811057165265
2.299346713349223
2.188276268541813
4.079717770218849
2.396534103900194
2.4970717150717974
2.502850081771612
2.5692482627928257
2.40218542329967
2.189411796629429
2.3994784485548735
2.5729125291109085
2.100965693593025
2.2017177175730467
2.275977475568652
2.612032340839505
2.3694133684039116
2.4010834954679012
2.3990215491503477
2.0811070054769516
2.182282652705908
2.015405487269163
2.2875538673251867
2.1866217739880085
2.2124014422297478
2.4648980535566807
2.1958041731268167
2.2195251155644655
2.088797699660063
2.0643518790602684
2.299909122288227
2.397251546382904
2.2021010275930166
2.171867774799466
2.121698869392276
2.071120571345091
2.282567899674177
2.5067463237792253
2.1972636729478836
2.303404187783599
2.192157942801714
2.3670797739177942
2.1043966989964247
1.9928040709346533
2.094608711078763
2.2056606877595186
2.6100140921771526
2.369342966005206
2.083613572642207
2.19367197714746
2.197258384898305
2.091069696471095
2.4813430439680815
2.1032323390245438
2.4916864801198244
2.2860146407037973
