Experiment Results
6.0345890522
6.94316506386
7.59733009338
6.70465111732
8.39249300957
5.78861808777
6.06925702095
7.79645705223
6.58696198463
6.93290400505
5.73540687561
7.80807900429
6.66488695145
7.25359106064
6.58568787575
6.24777412415
5.39509391785
5.97323703766
5.0276529789
6.39773702621
6.20803189278
7.28682303429
6.48482918739
8.33540892601
7.41636490822
5.22315406799
4.85611796379
5.31696510315
6.51712799072
6.90718007088
7.34908795357
5.11526703835
5.38147377968
6.0218770504
5.57687091827
6.23039197922
5.16121101379
7.12267112732
7.25813293457
5.16978192329
5.26058506966
6.80727100372
8.15449595451
5.21634602547
6.5925078392
5.46498584747
5.49562883377
6.03730177879
6.1035091877
7.05015516281
5.28887987137
7.43616509438
5.26549601555
5.55593085289
6.98649811745
6.1855700016
5.76699399948
5.08231687546
4.8682050705
6.40224409103
7.32602190971
4.91599798203
8.81752300262
5.44534993172
5.98988604546
5.63271212578
4.93367409706
5.42974209785
5.46074604988
5.74488687515
7.85902500153
7.17876195908
7.36865401268
6.65926504135
5.96718907356
6.98926687241
7.64244103432
5.25722002983
6.01300406456
5.5041000843
5.85980391502
5.31581783295
7.51570796967
6.86364197731
6.07809400558
5.81594109535
5.81025910378
6.50299787521
7.15884804726
7.64811420441
5.13050699234
6.4785630703
5.00522685051
5.49982309341
7.89789009094
6.01663899422
4.71110010147
6.60918307304
6.57972788811
6.16345405579
5.69898486137
8.15721392632
7.47550702095
6.86708188057
7.36441397667
5.16296005249
6.89154314995
9.08627009392
8.41395878792
5.40068602562
6.11788105965
5.38487792015
6.59634804726
7.16245794296
6.29017305374
5.72030806541
5.3339779377
5.67306613922
5.27099299431
5.54512691498
7.46222901344
5.28643798828
5.29311990738
5.77157497406
6.06836509705
5.96172809601
5.04832792282
4.95601797104
5.97179389
5.56493401527
7.47701692581
5.8395678997
5.06460499763
6.04550004005
5.28045487404
6.0225880146
5.13989496231
5.61247611046
6.75253200531
5.53974819183
5.23251414299
5.86780500412
4.75648188591
5.21026587486
5.63247203827
5.59574985504
5.26872587204
5.4013531208
6.09810996056
6.0981991291
5.96865296364
5.09066987038
5.62874794006
5.67455196381
6.73201704025
6.66129589081
6.83981204033
4.87406396866
5.19602108002
5.04880285263
5.45131015778
5.30071902275
6.70347714424
6.05863595009
5.78360104561
6.013256073
4.86007785797
6.1128051281
4.88733410835
6.00481104851
6.74150800705
7.48974704742
7.01217293739
6.45923113823
6.72893595695
8.78512096405
5.38303303719
5.17177391052
5.86102294922
5.49965596199
5.72484397888
5.48459005356
6.63385391235
6.58095598221
5.37476205826
5.77515506744
5.29841208458
6.42580914497
5.55551290512
7.44123196602
5.57690691948
6.2644841671
5.51470208168
4.94983100891
8.32451605797
5.28503513336
5.56407403946
7.63166189194
7.45026087761
6.74425816536
6.0736989975
7.18832087517
6.97120308876
7.47169113159
7.6635890007
5.1884059906
6.30404114723
7.73932814598
7.38971400261
5.42699813843
5.59492778778
5.47078490257
5.61820793152
7.44795107841
7.70084905624
6.42187809944
6.11547398567
5.18376398087
5.5116379261
5.27658510208
6.92864108086
5.97506999969
5.47971820831
6.23461818695
6.49731993675
5.558770895
5.47387886047
5.30357289314
5.42991089821
6.17264699936
7.25119400024
5.02082395554
5.50621604919
5.21782112122
5.6755361557
5.89879608154
5.44184207916
5.2510509491
7.33528900146
4.96811509132
5.69217610359
6.08421301842
4.78926897049
5.77433800697
5.40315508842
6.25630807877
4.83693385124
5.32494711876
7.1891450882
6.38426613808
5.82016396523
5.27450108528
6.08741378784
5.96098399162
7.38891005516
5.56485819817
5.69531297684
4.82684087753
4.96838283539
5.03700780869
5.20164990425
5.24332904816
8.80072212219
5.7434630394
5.5012178421
5.60569500923
5.15965414047
5.79580211639
5.1058409214
5.99983096123
8.26523995399
7.11307287216
6.85978889465
6.1276781559
5.30886220932
6.71659493446
5.87588906288
4.88941907883
5.31412792206
5.15883278847
5.72773003578
6.12690281868
6.19015097618
5.74900197983
5.318775177
5.47133493423
5.76000189781
6.23800802231
5.38014698029
6.88670301437
5.00088214874
6.54869103432
5.07867789268
5.57271099091
7.24243092537
5.83984208107
4.97063589096
7.2680721283
6.50465607643
5.7128341198
5.11273813248
7.16505599022
6.69210505486
7.86737704277
7.49946308136
5.13927102089
7.08442687988
6.69163990021
6.81798791885
5.92665505409
5.5494120121
6.01278090477
5.48563504219
8.03030180931
6.78374385834
5.9598300457
6.09777998924
5.44566202164
5.17388892174
5.27839899063
6.77222490311
5.76962685585
5.75474500656
6.23461604118
6.76876616478
5.7831401825
6.80094194412
6.53145599365
6.59601998329
7.42797207832
10.1201620102
6.18152189255
4.97943997383
6.9777071476
5.53770399094
5.38077116013
6.11042094231
5.36530995369
11.650316
4.64039492607
6.38415002823
6.42552900314
6.19254517555
6.35028409958
6.73177814484
6.52178788185
4.96444201469
6.6992020607
7.37364196777
6.7387509346
5.46259903908
6.0507349968
6.08245587349
6.65165901184
7.07055997849
6.37825512886
8.08167791367
5.32006502151
5.19984102249
6.06854510307
6.55162000656
6.1457221508
9.0328040123
5.64324688911
7.18049097061
6.54619908333
7.0987098217
7.01725912094
6.79780101776
8.3857281208
8.81211996078
8.07891082764
8.07340908051
6.22543883324
5.89279079437
8.84899902344
5.41889381409
5.29656910896
6.70198512077
5.42424798012
6.65692186356
6.77498292923
9.35792303085
6.43991494179
5.20245909691
6.40984416008
5.47547411919
7.67604207993
7.03272104263
8.53208303452
5.22861790657
7.7658829689
4.8489151001
6.6550579071
12.1597328186
5.67836117744
5.5870320797
16.4533069134
8.86679005623
7.18899607658
7.06022191048
9.78108906746
9.50799012184
7.83959102631
7.51702785492
5.03762507439
8.26568698883
7.05906796455
7.60368800163
5.78594112396
5.77556800842
7.915143013
8.33299398422
10.8847892284
6.93862199783
10.2872471809
6.96324896812
5.10313487053
6.31829094887
7.22616696358
10.21895504
5.52482509613
6.48888492584
5.87328720093
8.13330698013
5.70637702942
5.69911599159
7.08590912819
7.87660884857
7.50224018097
8.91365718842
5.21244597435
6.45260691643
7.33258199692
7.45051503181
6.95426297188
6.11635112762
6.22763299942
10.3630251884
5.78170609474
5.62922286987
6.47448086739
5.72747302055
6.75871706009
6.94640898705
5.45756077766
6.27659893036
7.71074604988
7.46206283569
7.20424103737
5.30785703659
7.95656204224
7.50836610794
11.5500431061
9.40971207619
6.11205005646
7.8004128933
5.38537693024
8.59609103203
5.55519604683
5.95262098312
6.79171204567
11.2434689999
5.8176908493
7.10371088982
10.0366580486
6.30098986626
6.1181640625
8.55054998398
9.12294197083
11.5596311092
9.6274330616
8.29044890404
6.39548015594
6.43611812592
8.89094996452
5.12823605537
6.89244890213
10.2748658657
5.40902900696
7.03895902634
5.41119599342
8.31830406189
5.14196586609
5.09444904327
5.39330482483
5.88645982742
8.02701401711
5.58221101761
7.3360440731
5.54513597488
7.26521706581
5.19848299026
5.19572305679
7.49086904526
5.70894002914
4.77496004105
10.8000090122
7.62569403648
6.13667392731
6.1606991291
9.09267497063
7.24646306038
7.50857806206
9.84163713455
5.24990296364
7.59967398643
7.76019883156
11.1167471409
5.63633012772
5.96806693077
8.21105003357
9.06639695168
11.0988090038
8.009526968
5.63154292107
7.48571014404
5.3534591198
7.31981086731
5.47418189049
10.7304749489
6.56300806999
7.4361000061
7.70984101295
10.8320088387
5.47172403336
5.2869579792
6.67726111412
8.97601413727
7.42053699493
9.70395994186
4.92678308487
5.96320700645
6.79016685486
9.07283782959
5.69276809692
6.49548602104
6.44975805283
10.0531251431
4.91518092155
7.81757807732
9.3107509613
4.95064783096
6.92822813988
8.69629192352
7.70362019539
5.02375411987
5.55713510513
10.121724844
6.99170279503
5.49651479721
5.715747118
8.43586587906
10.8151090145
9.75627803802
6.71725487709
6.70769381523
4.57229185104
5.28343391418
5.36641693115
5.41772007942
5.09915518761
9.11645197868
5.68573999405
6.90713691711
6.14531207085
5.8160610199
6.00104594231
6.22461700439
6.72998189926
8.29358816147
10.0493810177
8.00875377655
6.80906105042
7.43893885612
9.46550798416
6.02185702324
5.00722312927
5.56305789948
5.02503991127
6.22458004951
7.05083012581
6.74832582474
6.26075387001
7.82128095627
7.72997879982
7.30274391174
8.02669119835
8.25159287453
8.20888018608
5.11724686623
6.34542703629
8.42908000946
6.22359800339
10.625576973
5.99548506737
6.3709461689
11.3156239986
7.32343506813
5.87241911888
