Experiment Results
3.6762819308787584
3.2430191971361637
2.896271178498864
3.137392735108733
3.409832537174225
3.055145937949419
3.5052831657230854
2.9563490245491266
2.872724598273635
3.9010829739272594
2.9779090378433466
3.1480389703065157
3.0202624686062336
3.742033924907446
3.0591620597988367
3.473643831908703
2.9567776285111904
4.23072200641036
3.1709818951785564
3.267556380480528
2.8747846335172653
2.9781700279563665
2.9018186070024967
3.0818827282637358
3.8851069435477257
3.4115078151226044
3.067334394901991
3.2078897058963776
2.8720644004642963
3.8757009878754616
2.9205098543316126
4.568585220724344
2.673399345949292
3.1117770224809647
2.928345175459981
2.9374163281172514
3.702408002689481
2.988701766356826
2.6698150150477886
3.3876458536833525
3.112334156408906
3.000236600637436
2.977213840931654
3.386212518438697
2.876354396343231
3.2116538416594267
3.227334801107645
2.95169784873724
2.8127206042408943
2.963100578635931
2.875506591051817
4.413156533613801
2.891800006851554
3.083005052059889
2.885747577995062
3.3170441947877407
3.0082367435097694
2.845527758821845
2.701988462358713
2.908129420131445
3.990102520212531
2.780748128890991
2.978819904848933
2.8148970305919647
2.9925231765955687
2.880735155194998
3.205349676311016
2.8826992232352495
3.0842225663363934
2.920511966571212
2.883193342015147
2.9783234409987926
2.995470901951194
2.8046121057122946
3.100484136492014
3.188584066927433
2.8117343578487635
2.769716765731573
2.9718390218913555
2.810342364013195
2.7858667261898518
2.8271737918257713
2.8456580732017756
2.8117986023426056
2.7740124966949224
2.9970345702022314
2.901267198845744
3.0121974255889654
2.8866142705082893
3.0759033244103193
2.9207049943506718
2.853734362870455
3.006418816745281
3.1062926687300205
2.9751051235944033
2.9097916930913925
3.001606270670891
2.766846776008606
3.068554598838091
2.8630353193730116
4.240869292989373
3.138972593471408
3.1640132013708353
3.5817083306610584
3.568447582423687
3.0833850484341383
3.1079721096903086
3.362826021388173
2.838803604245186
3.0183317996561527
3.281934866681695
3.0980563908815384
3.2632821053266525
3.0303677935153246
2.8444909136742353
3.01107020303607
3.248802876099944
3.176527850329876
3.1964260395616293
3.590240266174078
3.453415170311928
2.93554169498384
2.808769840747118
3.272932881489396
2.9830234814435244
2.985985355451703
3.2394454535096884
3.129888132214546
2.9672502540051937
3.297148458659649
3.0937070827931166
2.9503438528627157
3.0260474383831024
2.8769823499023914
2.987524652853608
3.4906245078891516
2.879538170993328
2.7955795489251614
4.0886088870465755
2.7119874507188797
2.8798261042684317
2.98538208194077
3.1808667723089457
3.5229526925832033
2.9604310374706984
3.087579371407628
2.788208967074752
3.293173559010029
2.810670407488942
3.0983959399163723
2.6832127533853054
2.890821134671569
2.9034388680011034
3.3038824442774057
2.7719119172543287
2.7998704649508
2.9653248731046915
3.002441653981805
2.7923523616045713
2.8844662960618734
2.9146364331245422
2.673710770905018
2.9886949602514505
2.6550563164055347
3.2440621368587017
2.687711177393794
2.979077497497201
2.686013100668788
4.412884186953306
3.050979897379875
2.823508048430085
4.439001927152276
2.852831467986107
2.882857248187065
2.908244363963604
3.175468297675252
3.3990839403122663
2.7876791805028915
2.693794511258602
2.8100405856966972
2.460360564291477
2.7004903722554445
3.2138997111469507
3.596802646294236
2.783286100253463
3.001522183418274
3.071011785417795
2.6855690367519855
3.0064749997109175
2.8596393410116434
3.053503166884184
3.1823094747960567
2.9844032879918814
2.7782474365085363
2.999017246067524
3.099673794582486
2.7911541163921356
3.0874101668596268
3.2058735974133015
2.7912470810115337
3.331688106060028
3.174898875877261
3.2856057453900576
3.1779357753694057
3.1623545177280903
3.268065344542265
3.20824408903718
2.8633798006922007
4.270748255774379
3.0065895076841116
3.0716543812304735
3.0942487232387066
3.0749505143612623
2.8992168121039867
2.9616576991975307
2.8813594225794077
3.1924369260668755
3.2849144153296947
2.9978448040783405
3.2777167819440365
3.3865868132561445
3.161605490371585
3.100743221119046
3.2980028185993433
2.988287480548024
2.985579678788781
3.0691424068063498
2.804679686203599
3.1846107747405767
3.382941521704197
3.2044434417039156
2.7652544546872377
3.1273705177009106
3.557663341984153
3.074797734618187
3.0022649466991425
2.976578051224351
2.998198663815856
2.887646960094571
2.878013864159584
3.2947387397289276
2.5352421570569277
2.846117479726672
3.20419330149889
3.1725637800991535
2.9937794376164675
3.6161465160548687
3.5430291071534157
3.2170939929783344
2.9811276216059923
2.811708502471447
2.9766119811683893
3.5633405726403
3.025625552982092
2.8900840878486633
2.7883783522993326
2.9930678587406874
2.890068169683218
3.0109428260475397
3.2625775560736656
3.0379370767623186
2.9918185863643885
2.739128550514579
3.713237550109625
3.0145851839333773
2.8806152138859034
2.989103199914098
2.6841444708406925
2.995987433940172
2.890914821997285
2.7872041407972574
4.612035892903805
2.8835540488362312
2.7900341879576445
3.354972394183278
2.922448441386223
2.89743847027421
2.9132623057812452
2.6802888456732035
2.773273155093193
2.9931761510670185
2.832193376496434
3.1887834891676903
2.8762002754956484
3.080078748986125
3.1206505484879017
3.2980737052857876
3.1177273765206337
2.7645620722323656
2.9697735141962767
3.8067337814718485
3.071730762720108
3.13390738889575
2.8751014564186335
2.880339279770851
2.9054691065102816
3.07844253256917
3.0144165474921465
2.8033942244946957
3.090172117576003
3.3388496562838554
3.373244132846594
3.3500304482877254
3.3667138386517763
3.2781522385776043
3.4849778935313225
3.0787175185978413
3.0785671807825565
3.5825176257640123
3.2785937301814556
2.994866421446204
2.9966800305992365
3.5475213415920734
2.8985563572496176
3.0268571823835373
3.9670957028865814
2.8662572894245386
3.1785422172397375
3.411422597244382
3.0824298821389675
2.98768606595695
2.8736548218876123
3.0922983568161726
3.2768398001790047
3.191809082403779
2.9845032021403313
2.9776381384581327
4.534169238060713
2.746104834601283
3.169638155028224
2.902909055352211
2.890057723969221
2.887532874941826
3.0211555399000645
2.9530890602618456
3.1167659871280193
2.8813790790736675
2.769795287400484
4.590871872380376
3.4919003136456013
3.598404411226511
2.9920085947960615
4.2032685074955225
3.0628884453326464
2.835050754249096
2.946091301739216
3.001204000785947
3.192755637690425
2.8015067745000124
3.172298789024353
3.199073811993003
2.9847671668976545
3.1041756365448236
2.8996912017464638
2.7728054597973824
2.915126956999302
2.5827160738408566
2.6814932506531477
3.339434750378132
2.866956291720271
2.8657434917986393
2.8118507359176874
2.982128230854869
2.885589113458991
2.891661912202835
3.002241164445877
2.8827836494892836
2.9934175945818424
2.786332944408059
3.5953148137778044
2.7008397560566664
2.6841106936335564
3.0069632325321436
2.8887858893722296
2.9753359891474247
3.010629700496793
2.9715087227523327
3.031525883823633
2.8614631164819
2.7802511379122734
2.890358552336693
3.011907959356904
2.578994084149599
2.6912117283791304
3.705319095402956
2.995453793555498
2.6893025003373623
3.2906753942370415
3.3143668305128813
3.088356977328658
2.774832658469677
3.6941486913710833
3.483962818980217
2.9012459442019463
2.7860941775143147
2.9009847696870565
2.8880613930523396
2.925583491101861
2.7844758313149214
2.777922097593546
3.376885635778308
3.0474978610873222
3.5804306250065565
3.1580221112817526
3.2644611913710833
2.891076846048236
2.9787819888442755
3.7917627803981304
2.975579895079136
2.9800800681114197
3.09967858530581
2.988982357084751
2.8642932549118996
3.1949028447270393
2.7863713651895523
3.48035360686481
2.8832261003553867
2.8844525925815105
3.177104352042079
2.9107749480754137
2.870382823050022
3.223533732816577
3.258752638474107
2.9601898565888405
3.202181752771139
2.897525580599904
2.8874620478600264
2.990519857034087
3.723628820851445
3.5268475003540516
2.806356819346547
2.914188290014863
3.576389830559492
2.9631753265857697
2.893026964738965
3.00027110055089
2.897185729816556
2.76586121506989
3.0823546573519707
2.895814411342144
3.459851112216711
2.8392916843295097
2.881809452548623
3.0398030430078506
2.849816534668207
3.2051425594836473
2.7716939449310303
2.8937313836067915
2.906565463170409
2.9761145673692226
3.494205992668867
2.9880863279104233
2.7833811081945896
3.0088653657585382
2.781531261280179
2.8029535561800003
2.7822477389127016
2.7017903849482536
2.7758135329931974
2.7181433867663145
3.688794318586588
3.0109292697161436
2.957248393446207
3.3794146347790956
3.243674675002694
2.9666396155953407
2.8697887640446424
3.1064044889062643
2.895107425749302
2.6547919176518917
3.1428454108536243
2.9526438917964697
2.910009726881981
4.626898940652609
2.8552385196089745
3.09584547765553
2.8966002874076366
2.802789928391576
2.9010661020874977
2.8772608786821365
2.5944453794509172
3.1870871856808662
3.1203276570886374
2.7643851283937693
2.756549032405019
3.0211847331374884
2.7259729504585266
3.341259768232703
2.710836701095104
2.8111275173723698
2.8282561786472797
2.7626484036445618
2.89015132188797
3.223229644820094
2.768581660464406
2.7991361245512962
2.8780477195978165
3.2082684878259897
2.898187592625618
2.887484597042203
3.1460911855101585
3.3695213831961155
3.259946782141924
3.083603162318468
3.173725349828601
2.977846436202526
3.0788657907396555
3.104304136708379
2.9568863306194544
2.881334763020277
3.2896734923124313
3.176779504865408
3.1044277623295784
3.57166713103652
2.882159609347582
2.881568757817149
2.79203350096941
2.984869845211506
3.1790484953671694
3.181793011724949
3.0073181726038456
2.6656785681843758
2.9926280323415995
2.7934147883206606
3.281266128644347
3.010317185893655
2.8667576629668474
2.9838384855538607
3.3193790316581726
3.3357160314917564
3.307803053408861
2.8886510767042637
2.8856041859835386
2.795175291597843
3.8106689453125
2.9865496028214693
2.751677557826042
2.704083178192377
2.8982943948358297
2.9666624031960964
3.203759228810668
3.0930083505809307
3.2916565369814634
3.3886517211794853
2.9531507175415754
2.8364023473113775
3.290041694417596
3.0703894067555666
2.785809252411127
2.80362007394433
2.803811486810446
2.989846296608448
2.7726871129125357
4.290578370913863
2.998639604076743
2.911543468013406
3.1729156132787466
2.9075046312063932
2.8684073481708765
2.993821781128645
3.0190999433398247
2.8811633978039026
2.6769966557621956
2.8981836270540953
3.019704220816493
2.9702409375458956
2.7859176229685545
3.08749146014452
3.19650224596262
3.0997176319360733
2.8860347773879766
3.095413364470005
2.885947562754154
3.1035712007433176
2.80558623932302
2.9767643846571445
2.9416116047650576
2.939882690086961
2.904056830331683
3.0569445099681616
2.610923146829009
2.695192677900195
2.9850225299596786
2.892599569633603
3.297448392957449
2.895198857411742
2.822979534044862
2.7517168149352074
2.933837980031967
2.7808203250169754
3.1784269958734512
3.199516411870718
2.6951172836124897
2.787855537608266
2.9158557150512934
2.674379413947463
2.878600165247917
2.796945946291089
3.0946511570364237
2.7241417840123177
