Experiment Results
4.320947628468275
4.3087809178978205
4.737760100513697
4.389715583994985
4.387734364718199
4.467850875109434
4.7908021453768015
4.0834682416170835
4.172118183225393
5.576582530513406
5.093127226457
4.234705863520503
4.420790025964379
4.490472571924329
5.095866747200489
4.172880971804261
4.205169813707471
5.668086530640721
4.2914448995143175
4.088321588933468
4.8834140338003635
3.88511848077178
4.302770586684346
4.1603041011840105
5.414499036967754
3.97594653069973
4.479926140978932
4.488180808722973
4.508590342476964
4.678951794281602
4.368400551378727
4.998563356697559
4.206412952393293
4.278297241777182
4.581614917144179
4.538079114630818
4.333553373813629
4.262296337634325
4.225249212235212
4.477806571871042
5.704470939934254
4.678820643573999
4.285511411726475
4.609859462827444
4.577829914167523
4.199037397280335
4.327894883230329
4.65967589057982
4.418728232383728
4.1462007239460945
4.004422888159752
4.500938709825277
4.364395160228014
4.213245179504156
4.086471665650606
5.079288255423307
5.195403385907412
4.293665576726198
4.792165478691459
5.235620362684131
4.15501469746232
3.8950784020125866
4.389645103365183
4.194491235539317
4.093567108735442
4.290410287678242
4.475648185238242
4.048532053828239
4.322369625791907
4.409442093223333
4.293429950252175
4.320391781628132
4.215014519169927
4.446075173094869
4.580181613564491
3.9973534625023603
4.423142112791538
4.478641554713249
4.186930013820529
4.4953539706766605
4.000918259844184
4.211839556694031
4.658755050972104
3.8807719945907593
4.214508747681975
4.190590837970376
3.972880180925131
3.9067977275699377
4.489460930228233
4.793193938210607
3.9111950900405645
4.470371309667826
4.301456298679113
4.336416190490127
4.677304960787296
4.159531543031335
4.000549707561731
4.3819222785532475
4.617478990927339
4.065150324255228
4.569321874529123
4.463356588035822
4.660821346566081
4.278924146667123
5.178817722946405
4.673027001321316
4.471302794292569
4.10509604588151
3.957843082025647
4.89152785949409
4.194307470694184
4.399239137768745
4.319449553266168
4.309567654505372
5.206030221655965
4.089327059686184
4.281972344964743
4.932141240686178
4.4374054335057735
4.586579391732812
3.8996655512601137
4.507259234786034
4.454518167302012
4.072449980303645
4.584597488865256
4.199155317619443
4.077644856646657
4.191770369186997
4.2525584399700165
5.422217516228557
4.593285284936428
4.08873326331377
4.238739985972643
3.791608192026615
4.623904947191477
4.411263706162572
4.370760740712285
4.2415806744247675
4.440400766208768
4.600027143955231
4.35679454728961
5.724194625392556
4.386928282678127
4.5746442489326
3.998738517984748
4.2823789566755295
5.0151219218969345
5.369741857051849
4.29434415884316
4.326689364388585
4.39897427149117
4.194583913311362
4.762819392606616
4.412102576345205
4.253748454153538
4.405759597197175
4.168712310492992
4.114938046783209
3.9807604532688856
4.504360217601061
4.371250929310918
5.1138525027781725
4.779086692258716
4.123964246362448
4.264580190181732
4.633330585435033
4.459729988127947
4.270616937428713
4.546708084642887
5.041085723787546
4.399219129234552
4.404268430545926
4.106136158108711
4.66956078261137
4.244520276784897
4.932845622301102
4.2024423480033875
5.476422725245357
4.30293239466846
4.584757821634412
4.300775030627847
4.156576789915562
4.620875114575028
4.191074086353183
4.2318674605339766
4.168665898963809
4.206270109862089
4.548807891085744
4.120580960065126
4.501871302723885
4.979941284283996
4.229336811229587
4.666736351326108
5.003713678568602
4.383286477997899
4.903827492147684
4.12459565885365
4.139920396730304
3.9849058780819178
4.4032048881053925
4.742805682122707
4.658922785893083
4.47952301427722
4.682611636817455
4.365350399166346
4.404200470075011
4.471958689391613
4.963555349037051
4.212003907188773
5.047402391210198
4.78656043857336
4.577029263600707
4.822402141988277
4.660067355260253
4.9985504895448685
4.880134729668498
4.174509562551975
4.484352650120854
4.700496328994632
4.076491003856063
4.280439453199506
4.8752916399389505
4.7997010871768
4.679404579102993
5.292057406157255
4.28946540877223
4.469089303165674
4.687209099531174
4.595823301002383
4.907092733308673
4.375606870278716
4.393219713121653
4.28233347274363
4.5847621653229
4.542572384700179
3.7454433999955654
4.189181679859757
4.285809654742479
4.8931412771344185
4.454786665737629
4.215330397710204
4.693967634811997
4.550189601257443
4.32650520093739
4.488819591701031
4.906364932656288
4.378183551132679
4.291826706379652
4.590348476544023
4.36244567297399
4.738851794973016
4.059657230973244
4.529365127906203
4.182468982413411
4.173212181776762
4.591286664828658
4.889600230380893
4.389205960556865
4.415046269074082
4.663021462038159
4.295256350189447
4.284747997298837
3.899474324658513
4.149534959346056
4.5324185863137245
4.2985516507178545
4.189628928899765
4.315309397876263
3.9886399414390326
4.662692803889513
4.310842813923955
4.398766379803419
4.470800742506981
4.702678859233856
4.128726361319423
4.966586358845234
4.314172135666013
4.466566735878587
4.5807302091270685
4.187085317447782
4.340435782447457
5.073235487565398
4.401866054162383
4.0049624145030975
4.5243552681058645
4.627811597660184
4.300483359023929
4.019167527556419
4.343247599899769
4.41075374558568
4.495322644710541
4.585201699286699
4.399079756811261
4.007013630121946
4.879505367949605
4.48566710203886
3.887069948017597
4.517763884738088
4.704685540869832
4.049408534541726
4.884627927094698
4.749070059508085
5.166048189625144
4.768456457182765
4.1813086941838264
4.636930560693145
4.727268552407622
4.478538421913981
4.122585827484727
4.537682747468352
4.502672236412764
4.175504520535469
4.885989919304848
4.181883942335844
4.517168704420328
4.364427454769611
4.1859690845012665
4.301013432443142
4.357379697263241
4.18203310482204
4.775200879201293
4.508173897862434
4.302697267383337
4.256902007386088
4.793929876759648
4.0833065044134855
4.484678138047457
4.198003336787224
4.8341995626688
4.544146046042442
4.680899819359183
4.736673641949892
4.1448037680238485
4.29420698992908
4.707153506577015
4.355898134410381
4.193070689216256
4.490019578486681
4.505998622626066
4.780566977337003
4.980316868051887
4.195034381002188
4.379497155547142
4.595202615484595
5.084882836788893
4.39239595271647
4.181021150201559
4.691893853247166
4.2515833135694265
4.260467564687133
4.198075603693724
4.177486373111606
4.46540098823607
4.839462900534272
4.583726478740573
3.924998542293906
4.418830670416355
4.616846514865756
4.472222179174423
3.925423039123416
4.259698441252112
4.386758981272578
4.08448070846498
4.0234088730067015
4.376885520294309
4.109557896852493
4.372621858492494
4.84436447173357
4.138326095417142
4.881669249385595
5.135430917143822
4.365626921877265
3.784685829654336
4.495509214699268
4.017162725329399
4.187455393373966
4.001518547534943
4.166711496189237
4.5556217189878225
4.433304524049163
4.001418475061655
4.172192681580782
4.297015707939863
4.281059231609106
4.217762678861618
4.077989092096686
4.996480204164982
4.444156650453806
4.185283744707704
4.344249702990055
3.991561371833086
4.50688349083066
3.9781729076057673
4.809872686862946
3.9823854975402355
4.40116604231298
4.4271469339728355
4.458275141194463
3.9799010176211596
4.485949572175741
4.555887272581458
5.789046101272106
4.4961817637085915
4.7401875499635935
4.5614203829318285
4.368493869900703
4.592945281416178
5.13167904689908
4.50247023627162
4.813790325075388
4.47141120582819
4.705803971737623
4.380996480584145
4.288717752322555
3.9827437344938517
4.342992212623358
4.119245018810034
4.814536282792687
5.05191932618618
4.303697602823377
4.585481593385339
4.364455034956336
4.206943457946181
4.078001547604799
4.31334956549108
4.146417556330562
4.63547683134675
4.456181708723307
4.295383110642433
4.348375467583537
4.634959949180484
3.971445756033063
4.794636778533459
4.2845820765942335
4.185784872621298
4.089916640892625
4.307606920599937
4.66937137208879
4.189300071448088
4.182550391182303
4.4969886895269156
4.209138862788677
4.2673965860158205
4.39194050617516
4.598632538691163
4.515783380717039
4.370139116421342
4.3751094695180655
4.296532841399312
4.396192008629441
4.825022777542472
4.156537491828203
4.400431262329221
4.487314607948065
4.396696995943785
4.277238393202424
4.190917301923037
4.096637096256018
4.595141956582665
4.490464957430959
4.489700855687261
4.554859882220626
3.8200087677687407
4.737805495038629
4.252910042181611
4.29470201395452
4.494035094976425
4.302535682916641
4.100471962243319
4.2712337374687195
3.998303508386016
4.409846685826778
4.770680010318756
4.3317217491567135
4.454013420268893
4.382195888087153
4.32031686604023
4.255266020074487
4.4182141069322824
4.504626132547855
3.980290789157152
4.38770192861557
4.8942778669297695
3.9154916629195213
4.57488071359694
4.284720713272691
4.086590265855193
4.505436938256025
4.49888289347291
4.027055274695158
4.24528693780303
3.999767776578665
4.186302088201046
4.2056228164583445
4.300994576886296
4.28859425522387
4.371965626254678
4.615188485011458
4.060518776997924
4.047872656956315
4.7157651502639055
4.573788711801171
4.765693247318268
4.4720158986747265
4.649718629196286
4.325403405353427
4.651383778080344
4.483195448294282
4.980807928368449
4.488256640732288
4.382685739547014
4.909312766045332
4.766019141301513
5.007812457159162
4.261126842349768
4.493293097242713
4.487608250230551
4.3442709650844336
4.419382954016328
4.782314769923687
4.48340273834765
4.515694564208388
5.260057959705591
4.192459229379892
5.004201313480735
4.426641179248691
4.321427773684263
4.694273851811886
4.21996184065938
4.5639347936958075
4.817702759057283
4.153310859575868
4.6847487315535545
4.3154709581285715
4.472763620316982
4.078417714685202
4.697313567623496
4.211004523560405
4.179637506604195
4.36045278608799
4.497845824807882
4.505752610042691
5.170393513515592
4.320081600919366
4.433919360861182
4.8248096741735935
4.315045131370425
4.461103532463312
4.5136405769735575
4.763670900836587
4.091761689633131
5.030995722860098
4.290574358776212
4.359051443636417
4.2779009491205215
4.508317729458213
4.385542955249548
3.9991897977888584
3.9961284659802914
4.911264427006245
4.06111392006278
4.29911895096302
4.08132603764534
3.9894334077835083
4.204990580677986
4.219761047512293
4.460962224751711
4.62460302375257
4.759475830942392
4.452849842607975
5.026309322565794
4.224836828187108
4.3294825460761786
4.43393681012094
4.8207599055022
4.363670218735933
4.523795345798135
4.055458398535848
5.039303038269281
4.096327193081379
4.132357167080045
3.9962706193327904
5.031294263899326
4.336311724036932
4.608635388314724
4.398704905062914
4.217758543789387
4.47415935061872
3.899529457092285
3.986292714253068
4.283831514418125
4.593679312616587
4.896484412252903
4.240032574161887
4.171969639137387
4.731015540659428
4.540982332080603
4.216379027813673
4.076521350070834
4.073985941708088
