Experiment Results
13.7859020233
10.3482170105
10.426566124
10.5569131374
10.0596630573
10.234926939
10.2307021618
10.3635630608
10.0896670818
9.97808599472
10.2713220119
9.9706799984
11.4408960342
10.1532571316
9.99705410004
10.1574809551
10.0787279606
10.1448249817
10.0176861286
10.0992801189
9.97775483131
9.95342803001
10.2569000721
10.1145358086
10.4304828644
9.80504012108
10.0374150276
9.89615797997
10.0332808495
13.1957809925
9.9655380249
9.7989051342
9.96003985405
9.96695518494
10.1294500828
10.087179184
9.98393797874
9.9184589386
10.077696085
10.0865359306
10.1021540165
9.89952611923
10.0757789612
10.1832201481
10.2414560318
9.99211192131
10.0048320293
10.2819800377
9.99550390244
9.88872718811
10.0859558582
10.1033549309
9.95547580719
9.99939513206
10.0385251045
10.1027679443
10.2170879841
9.85767388344
9.98470687866
10.0184261799
9.96653389931
10.1346440315
9.93598985672
10.1932561398
10.2658150196
9.98373413086
10.9099378586
9.89245605469
10.183521986
10.9663290977
9.89176106453
10.0007100105
9.86172294617
9.76696419716
9.98262095451
10.1165280342
9.99953007698
10.1723620892
9.92606592178
9.87445116043
9.60361599922
9.77429699898
9.87706899643
9.80806398392
9.96337509155
9.98302197456
10.2114710808
10.178383112
9.78702306747
9.80419898033
9.95081806183
9.90755105019
9.90103006363
9.6486260891
10.0983710289
10.163422823
9.91152000427
9.82386302948
10.0884799957
9.64679598808
10.4358530045
10.3323750496
10.4183459282
10.3430638313
10.0835871696
10.0338029861
10.1774098873
10.0553548336
10.2142739296
9.92072486877
10.0689780712
10.2790458202
10.1803328991
10.5625748634
9.8889901638
10.1753709316
9.98763895035
9.95588493347
10.0870351791
10.1615550518
10.1074709892
9.94549703598
10.4380199909
9.99927616119
10.1819238663
10.1795020103
10.203412056
10.0396869183
9.90930294991
10.1625409126
10.1715760231
10.0138421059
9.91334581375
10.0958428383
10.1816458702
10.2996199131
10.1442809105
9.90150594711
10.0676660538
10.1991000175
10.1102030277
9.89057302475
10.1439380646
10.1477468014
10.2584059238
10.1078848839
10.0072212219
10.1987969875
9.76019787788
9.90450406075
9.88099098206
10.0866758823
9.95139622688
10.144769907
9.96171307564
10.0676550865
9.99229812622
10.1454970837
9.83719396591
9.87304401398
9.79258704185
10.0196549892
9.83504700661
9.84291386604
9.76714920998
9.84600090981
9.99319505692
9.97323179245
10.1073818207
10.0913550854
10.0888020992
10.0220320225
10.0573430061
9.70451617241
10.0599570274
9.87872695923
9.97865414619
9.8993229866
9.74407100677
9.91589808464
9.9092540741
9.93837308884
10.0567619801
10.1335279942
9.94975209236
9.85048699379
9.93628501892
9.92433285713
10.1065881252
10.1318929195
10.4676070213
9.87572312355
10.0853919983
9.88994383812
9.74742293358
10.0833959579
10.3251149654
9.74007701874
9.76667284966
9.82459306717
10.537432909
10.1608798504
10.3844721317
10.3382980824
10.3989801407
10.0474510193
10.2402999401
10.1451621056
10.0932240486
10.2947649956
10.1521909237
9.98505401611
10.2316319942
10.2120699883
10.074889183
10.1498389244
10.1758329868
10.2799680233
10.079116106
10.2429220676
10.0653572083
10.0843501091
9.87224602699
9.87180399895
10.0539991856
10.0922679901
10.0669569969
9.99593496323
10.0847620964
10.0674741268
10.1179618835
10.166975975
10.0987389088
10.1852970123
9.99137997627
10.0778479576
10.1800551414
9.89327406883
10.3557460308
10.147454977
10.1128690243
9.86034703255
10.1010329723
10.0739240646
10.073307991
10.0708210468
10.0185079575
10.1603691578
9.86713910103
9.98795199394
9.86542916298
10.1492030621
10.0547659397
9.77957201004
9.85654306412
9.95603513718
10.0756919384
9.77034282684
9.97695398331
10.1458070278
10.165471077
10.0575900078
9.95101690292
9.99397802353
10.086550951
9.93915605545
10.1313319206
9.85558891296
10.0204150677
10.0929889679
9.8696680069
10.0174190998
9.94813513756
10.0885460377
9.8993999958
10.6115651131
10.151209116
10.0268080235
9.83393001556
9.90008687973
9.8892018795
9.99664497375
9.87328100204
10.0883300304
10.0578699112
10.0232419968
10.0492568016
10.0233139992
9.69521784782
9.83706903458
9.83490300179
9.88792705536
10.0351910591
10.0291779041
9.69482302666
9.90069293976
9.97325587273
10.0684130192
10.1127009392
9.73798704147
10.4064791203
10.2794649601
10.5708899498
10.5758998394
10.1101210117
10.4303839207
10.2499949932
9.9883711338
10.2477908134
10.2841989994
10.1873419285
10.1212029457
10.0431370735
10.0848999023
10.0405638218
10.16106987
10.1751880646
10.1692819595
10.0985000134
10.2340509892
9.99405503273
9.9993391037
10.0367801189
10.1613719463
9.90615391731
10.0104758739
10.2337949276
10.1008999348
9.96493697166
10.2998330593
10.2633321285
10.1441369057
10.0027170181
9.97195696831
10.0524690151
10.0187530518
10.0446908474
10.0701980591
10.1275148392
10.0876550674
10.0425109863
9.87473106384
10.0058259964
10.061841011
10.0996360779
9.97267818451
9.88127088547
10.2025351524
9.984416008
10.0793468952
9.86136984825
11.3148138523
9.89148688316
9.96451497078
9.91072201729
9.78414797783
9.88093805313
9.86838698387
10.1745200157
9.72671103477
10.0695710182
9.8525159359
9.94215488434
9.84572601318
9.99708080292
9.97663116455
10.2625451088
9.99037790298
9.96620202065
10.0226919651
10.0762710571
10.2225241661
9.68920993805
9.89184808731
9.81054282188
10.0544779301
10.1731858253
9.91807508469
9.76427102089
9.94132804871
10.0706710815
9.85786604881
10.1008019447
9.98597311974
9.84323000908
10.0727751255
9.92873191833
9.99142503738
9.92745900154
10.1190237999
9.99286198616
10.0577011108
9.80005407333
10.0104570389
9.75534081459
10.0567212105
10.1075491905
10.3468680382
9.81346988678
9.88086414337
10.4557209015
10.3071119785
10.469825983
10.3537330627
10.1937599182
10.2373261452
10.0548930168
10.3867208958
10.1551699638
10.1058900356
10.2332708836
10.3053479195
10.1474988461
10.1775460243
10.235822916
10.1169321537
9.95549082756
10.8551878929
10.080835104
10.108850956
9.94772815704
9.95865702629
10.0883750916
10.095138073
10.1373951435
10.0205659866
10.0349640846
9.97174119949
9.98701810837
10.3193390369
10.0763318539
10.0489249229
9.97500681877
9.78841900826
10.3807759285
9.98644018173
9.88159680367
10.0035760403
10.1501319408
10.052521944
10.4354870319
10.0459079742
9.88655805588
9.98718810081
9.971378088
9.99796485901
9.97490596771
10.1910710335
9.88794398308
9.92970204353
9.97560501099
9.9187130928
9.90974998474
9.91246318817
9.63533091545
9.87544202805
10.0560820103
9.67007803917
10.3575799465
9.89797306061
9.93411803246
9.87707805634
10.0104379654
9.82013511658
10.0587458611
10.0699849129
10.1014091969
10.1175379753
10.0464258194
10.2812960148
9.70543003082
9.85522508621
9.93210482597
10.0770530701
9.97602415085
9.98091602325
9.81836509705
9.97917985916
9.91139602661
10.439538002
9.90622901917
9.93055987358
9.92559313774
9.97608399391
9.90302205086
9.89339494705
10.2062790394
9.77042984962
9.88734388351
9.99299097061
9.81166315079
10.0759899616
9.87389588356
9.79986810684
9.75613713264
9.97120594978
9.92220902443
10.0392808914
10.0052199364
10.102658987
10.4950509071
10.1842260361
10.4209058285
10.3896310329
10.2582888603
10.285533905
10.2050600052
9.97267103195
10.1608719826
10.031785965
10.0540480614
9.98474693298
10.2332601547
10.1537089348
9.98441290855
10.1281359196
10.0032510757
10.368970871
10.2401511669
9.98600101471
10.0928678513
9.97687506676
10.2148301601
10.1997389793
10.5071299076
10.1851351261
9.98065304756
10.1415908337
10.1861338615
10.531717062
10.0314760208
10.1553649902
9.99209594727
9.90142607689
10.1795799732
10.1747050285
9.8814330101
9.86885595322
10.0175390244
10.1434569359
10.1257669926
10.2493960857
9.97812914848
9.85646700859
9.89976096153
9.86744904518
9.95443606377
10.0441839695
9.8824608326
10.1385829449
9.81618499756
10.0698168278
9.89384508133
9.97764992714
9.87474989891
9.90125083923
10.1034739017
9.87677311897
9.79505991936
9.9345099926
9.98412394524
9.9041800499
10.1094329357
10.0039558411
9.85986304283
10.1035480499
10.0665090084
10.088752985
10.0692050457
9.90071392059
9.8677008152
10.0870249271
10.1848008633
9.80542588234
9.87942314148
10.1870470047
9.83287787437
10.0462110043
9.99180793762
9.86789083481
9.90020608902
10.0915699005
10.0848860741
9.87536501884
10.0835661888
9.81348609924
9.98072814941
10.088837862
9.90280103683
10.0681989193
9.79344987869
10.1906578541
9.96325707436
9.72266793251
9.9205429554
9.75476312637
10.0831279755
9.81008410454
9.97077393532
9.77767300606
