Experiment Results
203.999069214
294.349370003
294.700801849
294.380291939
294.610434055
198.913438797
273.38448
279.495305061
295.452811956
224.319977045
221.057883978
220.774449825
221.084701061
295.007646084
275.850723982
220.725249052
220.981787205
198.782148123
213.347193003
214.005029917
261.169291019
220.832735062
220.903920174
235.563262939
268.828116179
221.329247952
194.839100838
198.923433065
222.973001003
220.698802948
295.084723949
198.445312977
198.674374819
221.171125889
221.366939068
220.562038898
205.933661938
199.028386116
294.776154041
195.162458897
220.905441999
220.702389002
195.184751034
202.306488037
228.266985178
220.6362679
198.999972105
220.967241049
253.908068895
243.382560968
220.583476067
198.776212931
221.00925684
235.311122894
272.113878012
220.881943941
236.583444118
174.282268047
198.791018009
198.584141016
221.630188942
199.772465944
294.655687094
220.829440117
220.725448847
228.780550003
199.087453127
220.960830927
198.58596015
225.102327108
295.321177006
294.649379969
294.532352209
240.2100811
220.862895966
294.750213861
198.887791872
202.587476015
221.109460831
205.879810095
220.816977024
220.582472086
261.942883015
221.042215109
198.870824814
220.920440912
220.900360107
258.020891905
220.75788188
279.827992201
199.039746046
257.496543884
199.045397043
198.637880087
294.64703393
220.44412303
195.180606842
288.223229885
250.574999809
220.986636877
198.978813887
294.780644894
295.41242218
294.5567801
295.827598095
198.736212969
272.430418015
279.815114975
295.060642004
224.518501043
220.632540941
220.623627186
220.985501051
294.720686913
276.415317059
220.830451965
220.825255156
198.86282897
213.506970882
213.204903126
261.498507977
221.578950882
221.491880178
236.019057989
268.784882069
220.676414967
195.086218834
198.887403011
220.635667086
220.864170074
294.449048042
198.734799147
198.622196913
220.668080091
220.988887072
221.00180316
206.066815853
198.828665018
294.203022957
194.889271975
220.487351894
220.801840067
194.765763044
202.288247824
228.402011156
221.20531702
198.793473959
220.981300831
254.333884001
243.08614707
220.677632809
198.858345985
220.941843987
235.577381134
272.626481056
220.538772106
235.612829924
173.756376028
198.70738101
198.781570911
220.625315905
198.994813919
294.721425056
220.657588005
220.80376792
227.991706133
198.582980156
220.910813093
198.474406004
224.615092993
294.539258957
294.981137991
294.654840946
239.037471056
220.595919132
294.833165884
198.334676027
202.521349907
220.996891022
206.069126844
220.836789131
220.865319967
262.071856976
220.824745893
198.382305861
220.693551064
221.093502998
257.319227934
220.977375984
279.515779018
198.568116903
258.023577929
198.845307112
198.690711975
294.535829067
220.774912119
195.263036966
286.939564943
250.283895016
221.202134132
198.616383791
294.241106033
293.959610939
294.500880003
294.720076084
198.816316128
272.096225023
279.86730504
294.49518919
224.507665157
221.197825909
220.769582033
220.809453011
294.514816999
276.301522017
221.098417997
220.871530056
198.983543158
213.501451015
213.484622002
260.911144972
220.78144598
220.779242992
235.797262907
268.413951159
220.890109062
195.265239
198.815676928
221.108007193
220.585570812
294.571925879
198.755570173
198.794291019
220.803321838
221.111914158
221.001201868
205.771783829
198.668484926
294.715127945
195.066712141
221.0225389
220.599722862
195.18772912
202.589529991
228.308943033
220.910951138
198.444669008
220.930839062
254.105484962
243.459921122
220.603287935
198.589840889
220.651360989
235.596769094
272.700926065
220.781188011
235.494381189
174.106404066
198.862540007
198.704115868
220.997213125
199.216322899
294.50351119
220.567309141
220.879033089
228.406164169
198.471503019
221.504684925
198.873766899
224.514307022
294.904460907
295.151091099
295.445808887
239.664209127
221.202273846
294.549775124
198.820910931
202.285307884
221.130889177
206.162212133
221.392990112
220.823997974
261.603665113
220.754848003
198.801767111
220.843536854
221.444504023
258.378118992
221.100449085
279.712848186
198.676495075
258.026167154
198.652240992
198.798279047
294.740174055
220.68712616
194.766546011
287.0351789
250.459295034
220.647789001
199.295543909
294.438124895
294.267500162
294.487684011
294.715167999
198.62571907
272.527291059
279.503255844
294.490403891
224.480055094
221.182706833
221.190165043
220.606700897
294.328527927
276.79607296
220.547477961
220.79876399
199.080867052
213.894548893
213.397484064
261.220983028
220.603325844
220.799287081
235.738775969
268.748255014
220.855203867
195.010556936
199.462418795
220.713396788
221.196677923
294.953625917
198.601496935
198.999155998
221.098892927
220.697208881
221.118359089
205.865267038
198.887754917
294.694368124
195.09613204
221.616183996
221.082217932
194.790677071
202.467865944
228.227247953
220.977794886
198.594970942
220.905145884
254.013098001
243.081576109
220.891855001
198.978176832
220.611610174
235.823111773
272.474287033
220.98022294
235.596797943
174.28115201
198.798376083
198.593261003
220.905066013
198.78452611
294.732344866
221.071896076
220.608160973
228.372981071
199.011937857
221.083950996
198.972906828
224.798447847
294.940624952
294.335276127
294.848140001
239.164501905
220.610121965
294.609673977
199.263370991
202.474989176
220.746033907
206.046720982
220.899413824
220.693564177
261.120996952
220.873023033
198.862782955
220.601420879
222.32443881
257.875046015
220.697299004
281.20511198
201.986741066
257.694368124
199.270391941
199.915380001
295.969789982
221.610914946
195.207007885
289.535680056
250.182250977
224.166809082
199.904386044
294.883820057
296.010517836
295.133129835
295.036067963
198.579195023
274.202183008
282.383270979
295.189589977
224.801855087
221.065952063
220.79086709
221.188322067
294.549546957
276.067229986
220.999786139
228.095525026
199.159468889
214.243798971
215.950381041
262.340435028
222.864123821
221.584921837
239.46214509
268.671288967
223.065794945
196.761116982
200.281949997
224.909668922
222.105338097
294.969130993
198.794439077
199.088683844
220.623677015
221.304666042
220.504074812
207.149114132
200.000714064
295.001034975
195.024830103
223.611423016
222.29809618
196.262232065
202.599590063
229.008673906
220.831242085
199.244652987
221.71043992
256.798907042
242.957991123
221.20412302
198.873235226
220.711097956
237.197217941
272.803324938
220.77154994
235.771220922
174.697072983
198.813671112
200.571626902
223.045044184
200.070677996
294.716356039
224.864835978
221.022542
228.201277971
200.8486619
221.018194914
199.814363956
228.325922012
295.218533993
295.912278891
294.660445213
240.184704065
221.587774038
296.935595989
198.94106102
203.601690054
222.545657873
208.394589186
221.221865892
221.832802057
261.731445074
223.944432974
199.489552975
225.291539907
221.711372852
258.189785957
222.003087044
280.804452896
198.948035955
257.825042963
198.763063908
198.998911142
294.83711791
224.091224194
195.162194967
288.809458017
250.399482965
222.392728806
203.229474783
296.845323086
296.238392115
294.852030993
296.31407094
198.818518162
272.629631042
279.699458122
294.510673046
224.744287014
221.18672204
221.499876976
222.418296099
295.397693872
278.497270823
220.993997097
223.87034893
201.165148973
214.899600983
213.075148106
262.151375055
220.901589155
220.952937126
242.008939028
270.836344004
223.170227051
195.247307062
201.501498938
223.837357998
220.862262011
298.053517818
198.641375065
200.782171011
228.700232983
221.012527943
222.802553892
207.806348085
201.037932158
296.641633034
195.154509068
222.21328187
221.879205942
196.792304993
205.586084843
231.776518106
221.710085869
199.053076029
221.643464088
253.997699976
246.570780039
220.910955906
198.694521904
223.002157211
235.701931953
273.819805145
220.756884098
236.400830984
174.563837051
199.310673952
204.48348999
220.606085062
198.995997906
299.112290859
220.783464909
222.386105061
228.5895679
198.484989166
220.724011183
199.77033782
228.192430019
294.937218904
295.540157795
294.649873018
239.050603867
220.410674095
296.634560108
201.682006836
207.733795881
222.931427002
207.861916065
221.108875036
222.119050026
264.789999008
224.476455927
200.360463142
223.257180929
221.160203934
257.620054007
220.774904966
281.207012892
200.462651968
260.144937038
199.269233942
199.180519819
299.331269979
222.046864033
197.301319838
289.121865034
251.780030012
222.602462053
