Experiment Results
984.694412947
983.14142108
984.023173094
983.002426863
983.859954834
983.773226976
983.369499922
983.383621931
981.641619921
980.902718067
980.762537956
983.383917093
982.406403065
982.560611963
981.798267126
982.051122189
980.960471153
981.956289053
980.88104105
980.755686998
981.663563967
980.669519901
980.38289094
981.206737995
981.330315113
981.064342022
981.518239021
982.723773003
980.705877066
982.175226927
982.366141081
982.254109859
983.529452085
981.791285992
982.069821119
980.380195141
981.844702959
980.299760818
980.766973019
981.543125868
981.092324018
982.539648056
983.456573009
981.785640001
982.366009951
980.600831985
982.530947924
983.684921026
983.131158113
983.501400948
981.568771124
982.065760136
981.755209923
981.891750097
982.353892088
981.910394907
981.668085814
983.294273138
981.335165024
981.644014835
981.791229963
981.744010925
980.951304913
983.964310169
983.318297863
983.860923052
981.925283909
984.807661057
982.347257853
983.719867945
983.763720036
981.550723076
982.085417032
980.864581108
982.184768915
980.714090824
981.207984924
980.682522058
981.259821892
982.262986898
981.553267002
981.696256876
980.894317865
981.777383089
981.739988804
980.992775917
981.248296976
983.265986204
980.569323063
981.86582613
981.793884993
981.276330948
981.281453133
980.879148006
981.165908098
981.072154999
981.387360096
980.767234087
981.928690195
981.874541044
982.163053036
983.362185955
980.796124935
982.145385027
981.849251986
982.675312996
980.263722181
981.058985949
981.363627911
982.772462845
983.870267868
982.376109123
982.148308992
981.986306906
981.460146904
981.149524927
980.600878954
981.360877991
981.164815903
982.175033092
981.352971077
981.717912912
981.745200872
981.956047058
982.436607838
980.588164091
982.948836088
982.95527482
982.133080959
983.223947048
981.966717005
981.982532978
981.992978096
981.276937008
981.755456924
981.520851851
982.000528812
980.792268038
980.457220078
981.273960114
980.785598993
980.140491009
981.090626955
982.943273067
981.970588923
981.00285387
982.140195847
982.005794048
981.444501877
980.986577988
981.367675066
983.640032053
982.784251928
982.770827055
983.559566975
983.441634893
983.14905715
981.733683109
982.274235964
982.05042696
982.296005964
980.545249224
980.973297834
979.66666913
979.754868984
981.011935949
980.138001919
980.384439945
980.288839102
980.148339033
980.379055023
981.580882072
982.876908064
982.463467836
980.878286839
981.171042204
981.253288031
981.477160931
982.948832989
983.488039017
984.438040018
981.582802057
982.854368925
981.41002202
981.65446806
981.97629714
980.567672014
982.39376688
981.258403063
981.075226068
981.865447998
982.364809036
982.163050175
981.794595003
980.978587866
981.345319033
982.092834949
985.179574013
983.342190027
981.716653824
982.739463091
983.143249035
982.180608988
982.35609293
984.46698904
983.193511963
983.452211142
984.39048481
983.177251101
982.019267797
981.207197905
982.563067913
982.166450977
981.175843
980.862683058
981.653527021
980.571770906
980.559689999
981.225692034
980.70144105
981.610329866
980.14449501
982.281559944
980.977663994
981.846262932
980.97932601
981.468008041
980.990487099
981.353018999
980.755423069
981.566186905
980.596857071
980.460330009
981.277748108
981.375386
981.058404922
981.341841221
980.789139986
981.07413888
981.253652096
980.858592987
981.353579998
982.478289127
980.380465031
981.538029909
981.47381115
981.53468585
982.300128937
981.753814936
981.030872107
980.21465683
982.242448807
980.205978155
981.298676014
981.277181149
980.867918015
980.994233847
982.529426098
980.489570856
980.342700958
981.171579838
980.873584032
980.465429068
980.338062048
980.895699024
983.825828075
981.670344114
981.667312145
981.677333117
982.052376986
982.16143322
981.86166501
980.668359041
980.831017971
980.984291077
980.521603107
980.476178169
981.377482891
980.477970123
982.237185955
981.27105999
981.16750598
982.019263029
982.156990051
982.55348897
982.567314148
981.539221048
982.058832169
981.182312965
981.395094872
981.067932844
981.372645855
981.645431042
981.171221018
982.910495043
982.218729973
982.139872074
981.501195192
982.814822912
981.574320793
982.47182703
983.27915597
981.295880079
981.350921869
981.174116135
981.031187057
980.687530041
981.989327908
982.64686203
981.323210001
981.866240978
980.860368013
981.052016973
983.507616043
981.772243023
981.03073597
982.466223001
981.549508095
981.522893906
980.968632936
981.725203037
980.439719915
980.793413877
981.541610956
981.535982132
980.950716019
981.742275953
981.429565907
981.431520939
980.869210005
981.804007053
982.145628214
981.70580411
982.287941933
981.349020004
982.452772141
981.925766945
981.934803963
982.065243006
981.681700945
982.553549051
981.520816088
981.107158899
981.232846975
980.116889954
980.554620981
981.544096947
981.798526049
981.140904903
982.335662127
979.751269102
981.682811022
982.264390945
981.845059156
982.053722858
981.07750988
981.2473979
981.649533987
980.871929884
980.173193932
981.100436926
981.64379096
980.344654083
981.972966909
981.143105984
980.583104134
981.796911001
981.869309902
980.567432165
981.55854702
981.338885069
981.651407003
980.947053909
981.738379955
980.254916906
980.831820011
981.835086823
981.309523106
981.366712093
981.942233086
981.281219006
981.278486013
981.483922958
981.254446983
981.083385944
981.892150879
982.065809011
982.567907095
981.584579945
982.243742943
980.967209101
981.443342924
981.971904039
980.699240923
981.381096125
981.943704844
980.967555046
981.143743992
981.86572504
981.765692949
982.368803024
980.876905918
981.546203136
980.132899046
980.952802181
981.453294992
980.577558041
981.781656981
981.834541082
980.960067034
981.444446802
981.375756979
981.430681944
981.388160944
982.74413991
981.244597912
980.657478094
981.255537033
981.19878602
981.66089201
980.655799866
980.761172056
982.213512182
981.450526953
981.631546021
981.364115953
982.103044033
982.166378975
981.856308937
981.764646769
981.780321121
981.519584894
981.270894051
981.44978404
982.229954004
982.447824001
981.736455202
982.628695011
981.769110918
980.971398115
981.574956894
979.142163038
980.153479815
979.261800051
979.636360168
980.277568102
980.125886202
980.166411161
979.421282053
979.505986929
980.048502207
978.756651878
978.365842104
980.375545025
979.222495079
979.875463009
979.133647919
979.851045132
980.266752958
980.136916876
978.856157064
980.305640936
979.361972809
979.174217939
979.063919783
980.262959003
979.385004997
979.164709806
980.3592031
980.085186958
979.770627975
978.955826998
979.251111031
981.350172997
978.968189001
979.069816828
979.558928013
978.909824133
978.320250988
980.653970003
980.447403193
979.552758932
980.671047926
979.570977926
980.567014933
980.066020012
979.763036013
980.072908878
980.711439848
979.722136021
979.968775034
979.318767071
980.56768012
980.056412935
980.941118002
981.169743061
979.261060953
979.85732913
979.766077042
979.662327051
979.657544136
980.179769993
979.83429718
979.595187902
980.395413876
979.690019846
979.65549612
980.602334023
980.741875887
981.179044962
980.470271826
980.365315914
981.619705915
982.049079895
981.279772043
981.611342907
980.361819983
979.979367971
980.222189903
978.038322926
982.715612173
979.868808985
979.64570117
979.549504042
979.287466049
979.950566053
979.461022854
979.098907948
979.105681896
979.745417833
980.37864089
980.368253946
980.57546711
980.662690163
980.657113791
979.28545785
979.027759075
980.048131943
979.357930183
980.564898014
979.928982019
980.359427929
979.974622011
980.69024086
980.44165206
980.210220098
980.849852085
980.12155509
980.161772966
979.258785963
979.041818142
979.832499981
980.072364807
981.479067087
980.079967976
981.153535843
979.832036018
980.197582006
980.65818882
979.490341902
979.898191929
978.847070932
979.060651064
979.374224901
979.98331809
982.180706978
980.836815119
979.861362934
980.852169991
980.65366292
979.559273005
980.275439024
980.567458868
980.118225098
980.508700132
980.432271957
982.160582781
980.556325197
980.756976843
981.161287069
981.659993887
980.364274025
981.441427946
980.772063017
981.256216049
981.483488083
980.790652037
981.659124851
980.770353079
981.343224049
980.454775095
981.169378996
980.239084959
980.907439947
980.83455801
979.909862995
979.368824959
980.665019989
979.753397942
980.454140902
