Experiment Results
14.1113181114
9.99742603302
10.1110179424
9.96220803261
9.86487793922
9.81766200066
9.72283911705
9.83268094063
9.66055989265
9.66714406013
9.88936495781
9.84260702133
9.80802893639
9.8561770916
9.7972881794
9.75430583954
9.7593729496
9.87567400932
9.68752980232
9.98488688469
10.0729160309
9.886302948
9.73211312294
9.90630316734
10.075592041
9.7749838829
9.86402797699
9.69523906708
9.7761259079
9.8458750248
9.69977498055
9.67561101913
9.76720690727
9.57665610313
9.78596997261
9.56621789932
10.0143461227
9.90548205376
10.033536911
9.78807687759
9.77808117867
9.80060815811
9.86173582077
9.59611010551
9.67448687553
9.60428214073
9.71738004684
9.85547184944
9.64564800262
9.63930296898
9.41446900368
9.63453197479
9.75131702423
9.48139405251
9.58942103386
9.69362306595
9.38279509544
9.59437704086
9.57014298439
9.69246006012
9.90270185471
9.58310699463
9.48455095291
9.58113217354
9.59336090088
9.49639511108
9.77345013618
10.2992260456
9.57253789902
9.6649389267
9.59377813339
9.71764397621
9.77565217018
9.51142406464
9.75908493996
9.76118087769
9.83067297935
9.77658104897
9.88243508339
9.70424890518
9.6827378273
9.46800613403
9.70035004616
9.68958592415
9.69692206383
9.88268494606
9.49712109566
9.55681300163
9.71671581268
9.86651802063
9.7370660305
9.64892697334
9.69382190704
9.66523599625
9.59500193596
9.68410515785
9.69947195053
9.79448413849
9.58474206924
9.68342089653
10.1755769253
10.1665630341
10.12738204
9.85567784309
9.96752595901
9.85248303413
9.84109091759
9.89363884926
9.87628602982
9.86508512497
9.74402093887
9.87315392494
9.86560106277
9.6973900795
9.77052497864
10.0798020363
9.54084801674
10.000193119
9.96050190926
9.99734020233
9.576141119
9.97014188766
9.7532851696
9.77572083473
9.99054884911
9.87256002426
9.77575707436
9.8110499382
9.76098799706
9.75753498077
9.65357995033
9.77978587151
9.90094709396
9.67585992813
9.77232599258
9.67326903343
9.6838581562
9.77866005898
9.57130908966
9.9059009552
9.85998487473
9.78658509254
9.67918491364
9.96531605721
9.7789709568
9.8238389492
9.66475486755
9.79712510109
9.48133802414
9.79757905006
9.63709497452
9.82378792763
9.58452296257
9.75171899796
9.59157800674
9.71112895012
9.45940303802
9.60253310204
9.46948099136
9.57537293434
9.60311508179
9.88349986076
9.90594100952
9.77738499641
9.66463398933
9.68851184845
9.69896197319
9.58084702492
9.67681288719
10.0163218975
9.77632403374
9.67089486122
9.69866895676
9.70012497902
9.55871796608
9.88299107552
9.72313499451
9.766726017
9.79568386078
9.7927570343
9.55971908569
9.69880700111
9.68347907066
9.59074211121
9.58905601501
9.81644415855
9.75741314888
9.80028414726
9.89599704742
9.71303987503
9.96738910675
9.66160297394
9.69281291962
9.58597111702
9.61301589012
9.75922703743
9.7197098732
9.77762699127
9.55415391922
9.61104607582
10.1730151176
10.157130003
10.2483000755
10.0098690987
9.86843705177
9.77914905548
9.6619079113
9.86206412315
9.67662096024
9.85213303566
9.8505089283
9.80032014847
9.74756479263
10.2004461288
9.66650819778
9.8740298748
9.65068101883
9.74630904198
9.92289304733
9.84995508194
9.6900408268
9.87744307518
9.94355797768
9.7951130867
9.78031492233
9.77613091469
9.86892700195
9.75914788246
9.70025205612
9.98230791092
9.75738215446
9.84598207474
9.84274697304
9.82211184502
9.90637397766
10.0749521255
9.48281311989
9.75397801399
9.80220293999
9.75611400604
10.0023510456
9.67560791969
9.90444397926
9.94573807716
9.58382892609
9.88514709473
9.51385402679
9.8754529953
9.68666315079
9.58489394188
9.67531299591
9.76785612106
9.67962908745
9.69436216354
9.56944417953
9.61967015266
9.56090784073
9.78443694115
9.66154098511
9.48984694481
9.49876689911
9.50361800194
9.67320513725
9.4723649025
9.82038497925
9.76943898201
9.73302602768
9.51880598068
9.81457710266
9.65416002274
9.81732416153
10.0056159496
9.54562997818
9.78340196609
9.70379805565
9.6847679615
9.90282487869
9.78244018555
9.80034518242
9.78998494148
9.77923607826
9.91005206108
9.83905601501
9.71992588043
9.66998100281
9.62404799461
9.55390906334
9.97024703026
9.71566700935
9.77521896362
9.66597795486
9.69229507446
9.79882097244
9.58991718292
9.64789104462
9.63187408447
9.69634890556
9.78251385689
9.57047200203
9.70813202858
10.1809141636
10.1468961239
10.1142470837
9.92862296104
10.0579969883
9.85866594315
9.8622481823
9.76653289795
9.96068692207
9.7775478363
9.78180193901
9.96511888504
9.9594938755
9.70055198669
9.96033501625
9.64917802811
9.81392598152
9.88290596008
9.76743602753
9.77100801468
9.85008215904
9.78609681129
9.50099110603
9.95448994637
9.99513912201
9.58734297752
9.54728102684
9.90116810799
9.72280097008
10.0259721279
9.87310194969
9.68676590919
9.86812615395
9.98030495644
9.98985719681
9.71530818939
9.73006391525
9.77441716194
9.68102097511
9.72964406013
10.0497071743
9.66911077499
9.86927700043
9.59237504005
9.89879488945
10.1593461037
9.77255296707
9.99731421471
9.58492803574
9.58668684959
9.69314694405
9.52333903313
9.65134882927
9.67040395737
9.80753397942
9.78392314911
9.68101096153
9.48021697998
9.5922100544
9.6871099472
9.86554598808
9.56785011292
9.63273882866
9.56642484665
9.68797492981
9.49777984619
9.56697702408
9.72757411003
9.66624403
9.79947400093
9.78287005424
9.75048589706
10.0212650299
9.6710858345
9.55517792702
9.50420808792
9.72819399834
9.75879788399
9.67104291916
9.52131509781
9.67779588699
9.77699708939
9.68809485435
9.57890605927
9.72144508362
9.78504800797
9.68101191521
9.80587697029
9.5676651001
9.68418812752
9.67587304115
9.59296298027
9.70311498642
9.46072006226
9.72200202942
9.87007713318
9.4715950489
9.62217116356
9.51823115349
9.45514988899
10.2182109356
9.88939714432
10.1655249596
9.93433117867
9.94617295265
9.85152196884
10.1944708824
9.94358491898
9.96282696724
9.88009095192
9.80008006096
10.0255041122
9.59186911583
9.75822591782
10.0940020084
9.74773907661
9.58355093002
10.1054348946
10.0352959633
9.95710277557
9.78768396378
9.88230586052
9.99308395386
9.73829197884
9.79290890694
9.78204798698
9.76966094971
9.75986099243
9.86885809898
10.0878579617
9.93163204193
9.90580105782
9.80892300606
9.97699809074
9.7679028511
9.77439212799
9.69620013237
9.55763506889
9.79068398476
9.68243384361
10.0923340321
9.77585816383
9.65758299828
9.69469189644
9.98677301407
9.66455197334
9.8712990284
10.0193219185
9.68168187141
9.50339603424
9.64150214195
9.66890501976
9.59630918503
9.63188505173
9.77319598198
9.76676487923
9.58892703056
9.6749060154
9.70398592949
9.88137197495
9.59703707695
9.78031587601
9.56818008423
9.68391299248
9.89718294144
9.69017791748
9.90563392639
9.78671312332
9.78049707413
9.85815596581
9.70885396004
9.49580907822
9.96984791756
9.50515699387
9.70335912704
9.66238713264
9.59372496605
9.66113185883
9.78207588196
9.68639111519
9.62772583961
9.68660902977
9.89864897728
9.84577608109
9.68856406212
9.73746085167
9.66198420525
9.78228783607
9.60208797455
9.78892302513
12.7772209644
9.91905498505
9.77300405502
9.65930604935
9.61744809151
9.89040803909
9.72803401947
9.71396994591
9.69628500938
9.59893584251
10.1047058105
9.84026193619
10.0917680264
10.076666832
9.76974582672
9.8256020546
10.0713400841
10.1396610737
9.69595503807
9.84698700905
9.88260412216
9.66420793533
9.86175489426
9.96412801743
10.0886290073
9.79668307304
9.93964290619
9.88176393509
9.85502505302
9.7236931324
9.95097088814
9.85501790047
9.8907699585
9.87907505035
9.86828494072
9.6691198349
9.86802196503
9.79455494881
9.71778917313
9.93238997459
9.7794880867
9.77686810493
9.86915016174
9.70285987854
9.56709909439
9.82134604454
9.62915611267
9.64787697792
9.80719399452
9.77492594719
9.78248500824
9.96352696419
9.78714680672
9.82380199432
9.62017703056
9.70525312424
9.59169602394
9.94810295105
9.50620603561
9.58665204048
9.47393107414
9.58917617798
9.66167712212
9.62183213234
9.66542196274
9.60255289078
9.67889809608
9.76447796822
9.50547194481
9.66827988625
9.68305897713
9.63436698914
9.77530217171
12.3580288887
9.71652317047
9.4793639183
9.98224282265
9.59687495232
9.80902314186
9.72356510162
9.52995109558
9.66374921799
9.57372808456
9.50573301315
9.59685397148
9.77570509911
9.65566682816
9.73470807076
9.6396241188
9.70867395401
9.69721794128
9.85394501686
9.70293593407
9.59033489227
9.7056350708
9.68916606903
9.57881498337
9.79032897949
9.59477114677
9.83095693588
9.62501788139
9.88421106339
9.48583006859
9.58855605125
9.61878085136
9.68052792549
9.87470197678
9.78844404221
9.59969687462
9.58918499947
