Experiment Results
1159.28410602
1157.43707895
1157.8085382
1154.7215271
1154.19574618
1153.91450119
1158.75027704
1157.58136106
1158.53264689
1158.59630585
1154.42003679
1157.81563115
1154.37204885
1154.58650994
1153.48303795
1156.57291698
1153.81089401
1157.18062282
1155.26107907
1159.69213104
1158.84102988
1158.43472791
1155.35693192
1153.50225306
1155.87294602
1157.42904782
1157.96043301
1156.4716332
1159.09699988
1159.08892584
1157.21533704
1158.37854218
1159.02322602
1157.12648201
1158.04160309
1156.30549812
1155.45617795
1155.50398898
1153.404217
1153.65207791
1154.22791195
1153.48117995
1156.33023691
1160.33861685
1157.20252991
1155.9886961
1157.22080302
1158.97220492
1154.7287221
1157.99861908
1157.87489414
1158.28742003
1156.8828218
1153.92868781
1158.06556606
1158.58043289
1156.36107206
1155.77595282
1156.37541389
1160.13737106
1157.27079201
1157.99860501
1154.445333
1154.05575585
1153.930902
1157.45289612
1159.61146307
1156.32915115
1159.8254528
1160.09634781
1160.81121898
1154.33660388
1157.03166604
1155.42854309
1157.36758089
1153.62215805
1156.83746004
1157.72494507
1159.52870584
1156.53575015
1157.36329699
1155.28200197
1158.85049987
1160.4880681
1154.40099406
1154.71317792
1154.22127986
1156.54486799
1159.28147197
1160.05049706
1158.32355595
1159.13982677
1159.25593114
1154.63420391
1157.26845098
1155.72107816
1157.92729688
1158.44953179
1159.18358207
1155.32597399
1158.59808016
1154.54383993
1159.18062592
1159.37409496
1159.14496088
1159.75181508
1159.63977885
1159.10475588
1158.59840703
1158.66289902
1159.52207613
1154.83201694
1158.30985594
1159.16947293
1159.73089981
1158.818295
1156.51490903
1158.29891515
1155.43393207
1158.76873207
1154.73628497
1154.74644709
1153.83538294
1158.88865018
1157.0330162
1158.79030204
1158.27521801
1158.89140582
1154.79359794
1156.26182699
1154.8455162
1157.40602803
1159.31451488
1158.85130405
1157.68141794
1158.04480481
1156.68504095
1155.31964397
1156.54278517
1158.66347599
1158.88189912
1153.5825429
1158.97807002
1157.18375802
1153.29540992
1153.20433497
1158.09796619
1159.0470109
1157.96148491
1154.69337916
1157.50133991
1158.27360678
1158.40928888
1156.92384815
1155.33468199
1153.70039392
1153.68861413
1156.91593003
1156.71530509
1156.23452711
1156.55745697
1155.08843803
1158.28755188
1153.44503307
1156.72469807
1156.81668019
1157.60019588
1157.68362212
1157.24016595
1158.52167201
1158.73225522
1156.62823486
1158.83361411
1159.13954616
1159.08675385
1158.21151209
1157.12327814
1157.3608098
1158.15473795
1158.45951104
1158.843606
1157.377882
1157.43555307
1157.23641109
1157.45575786
1158.79482985
1159.25502801
1159.36714983
1158.35583901
1157.55994201
1158.96372914
1158.6015451
1157.010571
1156.90403104
1158.123631
1156.26261115
1157.18536901
1156.84621811
1157.57119799
1156.82690501
1154.9246161
1156.32162809
1156.07713318
1156.4461329
1156.35784101
1156.00728893
1155.82197309
1155.76769996
1154.60692596
1155.6242559
1155.68213105
1155.171839
1156.99470997
1156.85923195
1155.97964716
1156.2884109
1156.137959
1156.99001694
1156.80798197
1156.07845497
1157.08317304
1157.17829084
1156.25078106
1157.07372785
1156.15657496
1155.7251811
1156.03704906
1157.54831386
1155.88280511
1155.65288806
1155.64888716
1156.85807586
1156.45970893
1156.09968996
1155.37044501
1157.47910023
1156.9118979
1155.36236191
1156.02491784
1155.17423105
1154.59139609
1155.67318678
1156.08893609
1156.96254587
1157.31767011
1155.31045699
1157.13645911
1156.61328197
1157.45375395
1156.94242001
1156.85727906
1154.26708102
1155.94695091
1155.73953605
1156.38683701
1157.11561203
1156.94370008
1156.33368611
1157.97022295
1157.1383791
1157.265733
1157.46831608
1156.07808495
1157.52980304
1156.56529617
1156.42155194
1157.29857802
1156.01263404
1156.57499719
1156.85746384
1157.08241296
1156.47757101
1157.07615113
1155.92441297
1156.82463598
1156.34947896
1156.68257117
1157.15995193
1156.82547903
1157.9702518
1156.77399397
1156.74946404
1156.68628907
1156.55394292
1156.31702495
1156.09205103
1155.67037988
1156.50978899
1157.06338
1157.3006649
1157.08920693
1156.1659379
1156.01536608
1159.28806901
1156.53504491
1155.68574595
1157.75174713
1156.56520605
1157.333318
1156.351897
1156.15802288
1156.53798795
1155.05798411
1156.53339005
1156.51129413
1156.31548095
1156.64988303
1156.80121493
1156.83595705
1157.54526997
1157.21045208
1155.6294148
1157.38064313
1156.81434393
1156.10389495
1156.79478312
1156.97412705
1156.45141912
1156.80162597
1156.79985809
1156.27948403
1157.42320395
1156.1562202
1155.80939889
1156.8915019
1157.46971416
1156.65041614
1155.58762693
1156.79568505
1157.15652108
1156.26728702
1155.98733711
1155.17304301
1154.48939514
1155.63054705
1156.26331091
1155.288939
1155.48884296
1155.06136107
1155.05765486
1154.99554396
1154.74160695
1154.62882614
1155.61644101
1156.11602616
1156.5336659
1154.52163196
1154.71610403
1154.81623697
1154.65406799
1155.07559204
1154.72106504
1154.61471009
1154.51756191
1155.83117914
1155.76581693
1155.89142394
1155.167454
1154.80244684
1154.8432281
1155.21476793
1154.29910302
1154.71699595
1154.9415381
1156.04761219
1155.99918294
1155.47750306
1157.50237894
1155.24997687
1155.31217408
1155.64610004
1156.56778812
1155.0574851
1156.10359502
1154.79492211
1155.72325206
1155.96741486
1156.5028379
1157.14173007
1157.17079806
1156.91933298
1156.88549209
1155.94579315
1157.09306502
1157.44561315
1157.72599101
1156.79774904
1157.14664602
1157.40523314
1156.6236341
1157.41110682
1157.2352252
1156.18429112
1154.92096305
1154.73065495
1154.42824006
1154.8073318
1154.34716392
1154.64378595
1154.92203093
1153.75535107
1155.62271404
1155.30137682
1153.882056
1155.25553012
1154.75009608
1154.15310502
1154.77572894
1153.88675809
1153.79438901
1156.98538518
1154.74119902
1154.95830894
1154.667207
1154.44981694
1153.6656549
1154.49938798
1155.01640701
1155.71755195
1155.06534314
1154.29653716
1155.02261686
1153.48979712
1154.66384602
1155.11588001
1154.28780293
1155.31668401
1153.20830894
1154.03736305
1154.90162396
1155.44882417
1154.37171602
1154.23251796
1154.79635406
1155.3746748
1154.35376406
1155.91567707
1155.81090212
1155.0147171
1155.77648306
1155.13195014
1155.06302714
1155.38508201
1156.10105109
1155.98803115
1157.07312703
1156.47429013
1156.36536002
1156.79889011
1156.57091403
1155.62242603
1154.69107985
1155.92825294
1155.1808269
1157.27348304
1154.36214399
1154.49633503
1154.25031805
1154.90507483
1154.42375398
1155.16936707
1155.12011504
1154.90649486
1154.80379605
1154.56029487
1155.00864911
1154.98717523
1154.98147106
1155.19358015
1155.15666509
1154.40072918
1154.53586006
1155.3134129
1154.39634418
1154.44612217
1155.38990498
1155.81513786
1154.10636997
1154.56947422
1154.37341309
1154.7868259
1154.81669402
1155.61124802
1155.87563396
1155.29669809
1154.78031492
1154.85581517
1156.39626884
1155.22224808
1154.22033596
1154.85436106
1154.55629206
1155.33930898
1155.63225698
1155.53528905
1154.54060411
1155.12125492
1155.66345811
1155.45951009
1157.12109399
1155.35380316
1155.04384804
1155.14681101
1155.36853909
1155.82967901
1154.70969296
1155.22130513
1155.45825696
1154.56490707
1155.04860592
1153.71549916
1155.27046108
1154.64348793
1155.718714
1156.268188
1154.94194508
1155.02583814
1155.87193418
1155.58872509
1154.72517705
1154.8680501
1155.68151808
1155.26287198
1154.05563784
1155.530581
1155.11142707
1155.35494494
1157.07641697
1155.56207514
1155.73292184
1154.35308599
1155.37873316
1155.15651703
1155.42458606
1155.58629799
1154.63046288
1154.85033703
1154.63764095
1155.01469493
1154.89917779
1155.18674994
1155.40499306
1155.74737906
1155.52137399
1155.47635102
1155.15920281
1154.45374203
1155.21333504
1154.98426795
1154.72130704
1154.7928071
1154.59614205
1155.190593
1154.97981119
1155.10795784
1155.46371508
1156.37428999
1155.40782785
1154.98701
1155.72467303
1154.37040091
1155.24664998
1155.38580418
1155.0736661
1155.1896081
1154.45078993
1155.17977095
1155.07475209
1154.96814513
1155.30281997
1153.71387911
1153.57422185
1153.79931903
1154.84271002
1154.09936595
1153.36655378
1153.82417488
1153.28103614
1153.20117092
1153.47154689
1152.97656989
1154.34371901
1154.24172688
1153.35015583
1152.5309639
1153.20834112
1153.60511589
1154.80570292
1154.00856709
1153.34184504
1153.71772218
1152.86156917
1153.78956318
1153.61826587
1153.44342113
1153.53554106
1152.60562801
1153.48420405
1153.46788502
1154.19650984
