Experiment Results
13.9930391312
10.3200190067
10.8902101517
10.4401791096
10.4018011093
11.1131830215
10.3472988605
10.1181280613
10.9089250565
10.341381073
10.4283499718
10.2856049538
10.3203709126
10.2877821922
10.5155851841
10.2146091461
9.98960995674
10.3978500366
10.5789768696
10.1329431534
10.077641964
10.2216699123
10.1740920544
10.6558229923
10.2403070927
10.1998341084
10.4013960361
10.4293549061
10.2907209396
10.3798530102
10.2539360523
10.2573449612
10.2060720921
10.8547980785
10.3139281273
10.9309020042
10.434139967
10.2704479694
10.1770329475
10.2883980274
10.2308108807
10.1933240891
10.2176511288
10.2183790207
9.9397649765
10.2956650257
10.2002699375
10.3779039383
10.0229289532
10.533260107
9.96863794327
10.1797800064
10.0680048466
9.81695699692
10.4904110432
9.96318507195
9.97025203705
9.8262348175
10.5736749172
10.115334034
10.7237718105
9.92972207069
10.1382348537
10.8645019531
10.2528450489
9.99564290047
10.1113688946
10.761619091
10.0857009888
10.9041399956
10.2050540447
10.2053718567
10.2828240395
10.1672558784
10.1096568108
10.465419054
10.4383528233
9.96178507805
10.220263958
10.1496241093
10.0886518955
10.999327898
10.0763061047
11.6691908836
10.3015480042
10.3318560123
10.2730140686
10.0679619312
10.0006058216
9.96488118172
10.1234719753
10.1801419258
10.2612969875
10.3451049328
9.97836899757
11.2713739872
10.0020971298
10.015048027
9.95201992989
10.0516040325
10.531801939
10.9884831905
10.8434910774
10.4645709991
10.402338028
10.2824890614
10.2897529602
10.339236021
10.2767729759
10.2785089016
10.1924378872
10.3213529587
10.1930558681
10.1601648331
10.3121831417
10.4469590187
10.356418848
11.6758258343
10.2248740196
10.3319821358
10.0642931461
10.1705360413
10.8564560413
10.1876599789
10.8032870293
10.1975250244
10.2358481884
10.3335139751
10.8373320103
10.4211871624
10.3589880466
10.337168932
11.063847065
10.1752519608
10.2479321957
10.4121711254
10.4183568954
10.0600378513
10.919449091
10.2112300396
10.3869109154
10.1269719601
10.6628279686
10.0909838676
10.352918148
10.1927649975
10.037637949
11.2861449718
9.94891190529
10.1104009151
10.0053868294
10.2983560562
10.1686050892
10.2269020081
9.98224210739
10.1649940014
10.1951560974
10.2565391064
10.1197009087
10.2690639496
9.94169688225
10.0145499706
10.1204371452
10.3631660938
10.4769239426
10.3975799084
10.1810050011
10.0627708435
9.98610782623
11.3920009136
10.0811891556
10.5339028835
10.1926920414
10.0253798962
10.2134389877
10.1667649746
10.1434152126
10.1301898956
10.0759680271
10.0914809704
10.1279828548
10.0503470898
10.1905391216
10.2147328854
10.0024011135
10.0689880848
10.2019469738
10.4692540169
10.0642738342
10.0689480305
10.1332089901
9.96980690956
10.2884221077
9.99976611137
10.1525218487
10.0414571762
10.3827619553
11.0686080456
10.1546268463
10.4224741459
10.8156590462
10.3059990406
10.6642308235
10.5337939262
10.4422078133
10.3404979706
10.4338951111
10.2791619301
10.192759037
10.3569061756
10.5943109989
10.3898010254
10.3414587975
10.4878129959
10.2761490345
10.3583171368
10.2764959335
10.1642019749
10.2921261787
10.1533691883
10.1935558319
10.0746119022
10.320330143
10.0857820511
10.0785739422
10.211452961
10.2609701157
10.6170210838
10.2022600174
10.2408840656
10.0239198208
10.3049578667
10.1642830372
10.1411690712
10.2162659168
10.1970398426
10.8377699852
10.0602719784
10.3361670971
10.1717278957
10.3697640896
10.2143700123
10.1433689594
10.1889350414
10.1937930584
10.2791051865
9.98890686035
10.5755448341
9.95358800888
10.3080861568
9.96758699417
10.0770740509
9.99946093559
10.2032999992
10.1443319321
10.1667900085
9.95628285408
9.94238495827
10.0142259598
9.96393704414
10.0884969234
10.4093279839
10.085089922
9.98226189613
10.0303959846
9.89545106888
10.0167779922
10.1819097996
10.2804689407
10.0966169834
10.0241680145
9.87251996994
10.0208280087
9.84846496582
10.0821380615
10.3006289005
10.0428171158
10.2304031849
9.95383095741
10.0848999023
10.0415189266
10.1930289268
10.1421480179
10.8192780018
9.95410108566
9.9935631752
10.1597850323
9.9542388916
9.95990991592
10.1692378521
10.2860951424
10.53937006
10.0750730038
10.1411771774
10.1127009392
10.1747159958
10.2739379406
10.0867040157
10.6530890465
10.0750582218
10.5568881035
10.5330519676
10.6187050343
10.4820530415
10.4423880577
10.454720974
10.3631560802
11.0844838619
10.2957668304
10.4354789257
10.1797940731
10.3120479584
10.2557108402
10.2709259987
10.1701390743
10.0875039101
10.175383091
10.25192523
10.2614181042
10.3024251461
10.4632310867
10.1224908829
10.1115889549
10.0686750412
10.1793909073
10.0915029049
10.2433948517
10.0756309032
9.97458004951
10.3268260956
10.2548758984
10.1673588753
10.092425108
10.5540859699
10.3559758663
10.0086970329
10.1806900501
10.1265609264
10.2579438686
10.2446119785
10.4159600735
10.0701799393
10.2527668476
10.4064459801
10.3030281067
9.96260690689
10.5020651817
10.4574530125
10.2197370529
10.1409058571
10.0704669952
10.1257050037
10.1248121262
9.92028307915
10.0485100746
10.0320370197
10.217995882
10.0209171772
10.0774080753
10.1837301254
9.89076399803
9.97735214233
10.0701289177
10.1501939297
10.2823810577
9.88872289658
10.1117169857
9.89827013016
10.1777369976
10.121101141
10.0046010017
10.0826320648
10.1023299694
10.377879858
10.0682229996
10.4382181168
10.1251029968
10.3932628632
10.0667140484
10.103456974
9.98684597015
9.87051486969
10.3929522038
9.92500090599
10.0142748356
9.85910201073
10.1579809189
11.4860129356
9.9817700386
10.0511548519
10.1889369488
9.95061588287
10.1572740078
9.9210870266
9.97240495682
9.96758008003
10.2369458675
10.0525410175
9.9700949192
10.1409139633
10.7156779766
11.019482851
10.6351940632
10.3311460018
10.5474629402
10.3756248951
10.2843990326
10.4560749531
10.3826520443
10.2250261307
10.3075881004
10.383617878
10.3647789955
10.2531168461
10.0465159416
10.688644886
10.0844581127
10.2501029968
10.4265379906
10.2447488308
10.09217906
10.2230010033
10.1736791134
10.280602932
10.3704099655
10.1810939312
10.3805809021
10.3051908016
9.95352005959
10.4596459866
10.367221117
10.3449580669
10.0991399288
10.2690091133
10.5627119541
9.99940705299
10.0736241341
10.051735878
10.1770870686
10.2722620964
10.3149399757
10.1441202164
10.1324470043
10.180380106
10.2522749901
10.1340408325
10.2623598576
10.2936820984
9.97200202942
10.1616411209
10.1851098537
10.0940527916
10.1791810989
10.1079571247
10.0761549473
10.3302559853
10.255384922
10.0280959606
10.3301420212
9.95359802246
10.0118050575
9.93370485306
10.1308097839
9.86934518814
10.1652190685
10.2693250179
10.3157169819
10.0281231403
10.1145439148
10.2092819214
9.99821996689
10.1316151619
10.0465929508
10.0789821148
10.1751511097
10.0796070099
10.9031209946
10.3683578968
10.0767290592
10.0254280567
10.1923770905
9.91545915604
10.0278260708
10.0068409443
9.98256182671
10.1529140472
10.0965178013
9.87110996246
9.73150801659
10.3046550751
9.98317599297
10.1503748894
10.0246140957
10.0658848286
10.1913459301
10.2653720379
10.1829140186
10.0880930424
10.2086310387
10.3825001717
10.626789093
10.4949581623
10.5602581501
10.4416627884
10.3562970161
10.3560681343
10.5567600727
10.301074028
11.2516930103
10.1827330589
10.3139460087
10.2010979652
10.164634943
10.2403080463
10.1969740391
10.163022995
10.3501420021
10.2927100658
10.2781400681
10.1960539818
9.99753689766
10.2588160038
10.0433011055
10.8296291828
10.2184579372
10.1903889179
10.1646368504
10.1691448689
10.2667291164
10.3017468452
10.0591471195
9.88875794411
10.0902121067
10.2715427876
10.1665158272
10.2960970402
10.2067818642
9.87282109261
9.99960494041
9.95468711853
11.0688281059
10.1603310108
10.2902700901
10.1399350166
10.1227719784
10.2877721786
10.1098630428
10.2413449287
10.088436842
10.2355630398
9.86627101898
10.060229063
9.98141288757
10.3423390388
10.2489080429
10.1429831982
10.1821041107
10.0688800812
10.06351614
10.0544650555
10.1316428185
10.077655077
10.0480670929
9.97613096237
10.1415019035
9.87699890137
10.1940870285
10.0447328091
10.036618948
9.96204400063
10.1020200253
9.97012901306
9.93618106842
10.1562669277
10.1769020557
11.6686110497
10.0341689587
10.0472359657
10.0120439529
9.99766492844
10.044012785
10.0074279308
10.2056059837
10.1675541401
10.0424261093
9.96725201607
10.1832370758
10.1411669254
9.91729187965
10.0674350262
10.1007380486
10.0096819401
10.2098250389
10.0661911964
10.0738241673
9.89021801949
10.8776581287
10.0898749828
10.0959591866
9.95443892479
