Experiment Results
13.449588069692254
9.767224032431841
9.746972234919667
9.799440938979387
9.748771578073502
9.696208169683814
9.680542770773172
9.789577730000019
9.85524103231728
9.708681333810091
9.575427005067468
9.721771599724889
9.650105996057391
9.784018756821752
9.594779413193464
9.569241920486093
9.692673362791538
9.79159201681614
9.599639171734452
9.570989914238453
9.598906999453902
9.573452342301607
9.487439516931772
9.845456220209599
9.720296032726765
9.500798372551799
9.767841521650553
9.794574238359928
9.661631990224123
9.634081045165658
9.562163084745407
9.719989147037268
9.460729336366057
9.604753326624632
9.575118258595467
9.594464752823114
9.587703419849277
9.484438572078943
9.693228051066399
9.667293552309275
9.591339437291026
9.706281648948789
9.609818065539002
9.566929323598742
9.505259120836854
9.455359688028693
9.54058470763266
9.875681299716234
9.280178425833583
9.574929250404239
9.47809961810708
9.6963079739362
9.383364314213395
9.32011398859322
9.358874512836337
9.457204226404428
9.640745721757412
9.7036471683532
9.363821299746633
9.383572850376368
9.496607044711709
9.391898468136787
9.577875146642327
9.512730790302157
9.470638927072287
9.613035121932626
9.464105181396008
9.524292584508657
9.368841888383031
9.489096187055111
9.464428253471851
9.439844334498048
9.473876943811774
9.51927499473095
9.50109132193029
9.472799886018038
9.40028741210699
9.562832532450557
9.310549249872565
9.47256338596344
9.720714224502444
9.485195999965072
9.574367513880134
9.402181573212147
9.389309352263808
9.480111820623279
9.702853582799435
9.596436707302928
9.393527276813984
9.392606681212783
9.474176898598671
9.619688671082258
9.783259307965636
9.476822040975094
9.613303400576115
9.570383099839091
9.52202807366848
9.480636931955814
9.706607794389129
9.28389841131866
9.849178770557046
9.967796938493848
10.089334955438972
9.735503608360887
9.840658508241177
9.84624988399446
9.857415400445461
9.72747414931655
9.56155076250434
9.685315284878016
9.849085381254554
9.575226996093988
9.682481840252876
9.603692656382918
9.518895290791988
9.741592882201076
9.622965082526207
9.757906196638942
9.466603437438607
9.656379409134388
9.794262487441301
9.740274414420128
9.568686982616782
9.689408538863063
9.688680922612548
9.787563798949122
9.597257694229484
9.481563551351428
9.577124940231442
9.592998515814543
9.580942144617438
9.618508217856288
9.549912123009562
9.70413895137608
9.727972265332937
9.547898810356855
9.857897264882922
9.823797596618533
9.68873193860054
9.480538606643677
9.572858719155192
9.512321326881647
9.567647671326995
9.520065419375896
9.590866796672344
9.711850602179766
9.55264008231461
9.772406604140997
9.617972176522017
9.682469801977277
9.481416754424572
9.486757127568126
9.50008250772953
9.430764473974705
9.365529093891382
9.596286231651902
9.566232081502676
9.31081579439342
9.471788404509425
9.399143854156137
9.676595093682408
9.39621383138001
9.300581196323037
9.325283797457814
9.635678077116609
9.531921174377203
9.585107328370214
9.4923465680331
9.692720975726843
9.619260048493743
9.322125704959035
9.39126880094409
9.36965798214078
9.408158246427774
9.583455298095942
9.611283352598548
9.590362641960382
9.512045605108142
9.595500404015183
9.77089560776949
9.391486994922161
9.593148428946733
9.563249098137021
9.408741159364581
9.526346249505877
9.53887040913105
9.53039856813848
9.460976488888264
9.234307834878564
9.460138341411948
9.633985541760921
9.674794100224972
9.399063158780336
9.550890235230327
9.429899813607335
9.390108332037926
9.533721523359418
9.527530742809176
9.503690298646688
9.522846231237054
9.93666722625494
9.554867783561349
9.871933666989207
9.771738894283772
9.792619625106454
9.66953125409782
9.677646268159151
9.695834565907717
9.538359139114618
9.674387447535992
9.712965041399002
9.487599853426218
9.582304302603006
9.663441479206085
9.708702933043242
9.711200011894107
9.438170438632369
9.513429339975119
9.87377261929214
9.687981704249978
9.588400369510055
9.580293828621507
9.59035507030785
9.744937967509031
9.716708121821284
9.60255403444171
9.553155671805143
9.832711229100823
9.569716794416308
10.133349483832717
9.702752908691764
9.791966274380684
9.827793488278985
9.434674244374037
9.570255963131785
9.97434426099062
9.603394329547882
9.750648802146316
9.790861604735255
9.451729383319616
9.715036980807781
9.570317415520549
9.785672130063176
9.812983512878418
9.844653440639377
9.59421963058412
9.524419821798801
9.834092486649752
9.310674721375108
9.580803006887436
9.298787653446198
9.794005628675222
9.578162414953113
9.621877413243055
9.488420167937875
9.821831908077002
9.57315200380981
9.9592220839113
9.364763444289565
9.472769828513265
9.584057968109846
9.737061709165573
9.552924966439605
9.714455807581544
9.571864493191242
9.753967672586441
9.677659818902612
9.755906388163567
9.440420139580965
9.737313417717814
9.365125784650445
9.846071679145098
9.98037776723504
9.545226184651256
9.456224028021097
9.6992271207273
9.816869394853711
9.590221650898457
9.832380503416061
9.681884394958615
9.553320238366723
9.801948441192508
9.947496693581343
9.548222916200757
9.462159428745508
9.931426275521517
9.8657649140805
9.667105630040169
9.644592434167862
9.672168957069516
9.260783491656184
9.717324336990714
9.627668926492333
9.778195023536682
9.644792817533016
9.494472248479724
10.026649879291654
9.826032416895032
9.445894757285714
9.372433602809906
10.205529211089015
10.051720535382628
9.92596486210823
10.10665743984282
9.866945952177048
9.952345088124275
9.613899802789092
9.639991108328104
9.907319229096174
9.758460650220513
9.900007696822286
9.797421926632524
9.954894920811057
9.558496048673987
9.96954682469368
9.971153266727924
9.53739663399756
9.591004904359579
9.909716814756393
9.73681634478271
9.915387397632003
9.644910357892513
9.806621696799994
9.786329286172986
9.921970000490546
10.008122144266963
9.629845760762691
9.500450871884823
9.482164960354567
9.663977786898613
9.816744221374393
9.67896355688572
9.685678182169795
9.565714186057448
9.715179417282343
9.690933225676417
9.579979980364442
9.58484037593007
9.798741348087788
9.694364942610264
9.655604837462306
9.393337547779083
9.719191687181592
9.673005525022745
9.316999545320868
9.55908371321857
9.618808541446924
9.491852859035134
9.304378414526582
9.657781286165118
9.494326176121831
9.504476435482502
9.622509624809027
9.569016974419355
9.463859288021922
9.388131136074662
9.509131258353591
9.30562804825604
9.376543924212456
9.388114495202899
9.591334633529186
9.658355982974172
9.553576104342937
9.57120281085372
9.655411645770073
9.304414596408606
9.712271641939878
9.587839715182781
9.512492625042796
9.572633562609553
9.53528767451644
9.441576601937413
9.506203632801771
9.389463551342487
9.464204536750913
9.645705193281174
9.636364271864295
9.582853136584163
9.511240296065807
9.407648708671331
9.560565270483494
9.408543976023793
9.705802148208022
9.613940559327602
9.562089314684272
9.413085017353296
9.506373098120093
9.337115047499537
9.492518972605467
9.62657125480473
9.610628962516785
9.357092205435038
9.431529117748141
9.345483999699354
9.399756817147136
9.59567735157907
9.506962122395635
9.48264273069799
9.29354690760374
9.388976888731122
9.755281940102577
9.720223443582654
9.721788473427296
9.781146444380283
9.841509900987148
9.900549231097102
9.56917748786509
9.788700750097632
9.822948670014739
9.561880230903625
9.876104969531298
9.991817543283105
9.597354644909501
9.636228928342462
9.406676365062594
9.692563083022833
9.480066269636154
9.573644142597914
9.494804717600346
9.665752116590738
9.497859356924891
9.770277936011553
9.73872278444469
9.483324345201254
9.643290044739842
9.524181867018342
9.576606338843703
9.666834963485599
9.478147866204381
9.98691175878048
9.614583874121308
9.5931908339262
9.865705015137792
9.5086212400347
9.577374085783958
9.655536321923137
9.712845923379064
9.397821098566055
9.60137310065329
9.374144012108445
9.686304420232773
9.374233370646834
9.479697577655315
9.73988251015544
9.453448574990034
9.596225639805198
9.693356247618794
9.685611680150032
9.28483303077519
9.56900767609477
9.41689920425415
9.775807064026594
9.661122012883425
9.409142155200243
9.489230902865529
9.212042290717363
9.35322479531169
9.517097564414144
9.39172963425517
9.549891900271177
9.718932539224625
9.61745941080153
9.487463751807809
9.386110108345747
9.701303036883473
9.694750374183059
9.631707046180964
9.406402504071593
9.681069953367114
9.482402078807354
9.49788286536932
9.501486845314503
9.550770848989487
9.519034324213862
9.697387967258692
9.797727767378092
9.388786636292934
9.740178188309073
9.461935287341475
9.591283455491066
9.465429158881307
9.502186670899391
9.583162995055318
9.292054053395987
9.71466165408492
9.385852996259928
9.69485835917294
9.476699927821755
9.361549185588956
9.661269636824727
9.71108553186059
9.698099743574858
9.479696899652481
9.42620532400906
9.548308122903109
9.550314884632826
9.541720384731889
9.404517900198698
9.455339262261987
9.622536392882466
10.053155286237597
9.838397711515427
9.968351412564516
9.863258626312017
9.70664888434112
9.98118838109076
9.72205463424325
9.768002500757575
9.567221276462078
9.768469914793968
9.573222050443292
9.681542640551925
9.491343261674047
9.707654409110546
9.666671570390463
9.674570448696613
9.689055731520057
9.81980301067233
9.556240586563945
9.886907655745745
9.546771798282862
9.601367151364684
9.70806397870183
9.485670905560255
9.687256414443254
9.479161897674203
9.470450218766928
9.515040775761008
9.344354493543506
9.802250992506742
9.513441061601043
9.506875617429614
9.83394412882626
9.604887088760734
10.011237258091569
9.558288691565394
9.548334654420614
9.335646471008658
9.476628251373768
9.505254929885268
9.698453307151794
9.657885540276766
9.903332721441984
9.702114146202803
9.455831112340093
9.495827805250883
9.59619902446866
9.684772843495011
9.286875031888485
9.547857537865639
9.640433579683304
9.386388260871172
9.623503513634205
9.644672913476825
9.295128554105759
9.788285482674837
9.716654781252146
9.546649815514684
9.581057041883469
9.6092961858958
9.619843872264028
9.447126341983676
9.44813502393663
9.440159583464265
9.448714448139071
9.447711890563369
9.595594326034188
9.385073380544782
9.427494581788778
9.46996876783669
9.466469030827284
9.323832925409079
9.58907563239336
9.474813578650355
9.717651790007949
9.486030757427216
9.565390711650252
9.38018774613738
9.380858754739165
9.199341354891658
9.510420529171824
9.57547402754426
9.706079797819257
9.491162115707994
9.869329266250134
9.663467871025205
9.653339827433228
9.786087576299906
9.280069464817643
9.505583768710494
9.49583188816905
9.39409258402884
9.505127426236868
9.372563039883971
9.588843142613769
9.641227392479777
9.457049049437046
9.42971345409751
9.5705960765481
9.457927836105227
