Experiment Results
24.4465990067
24.082280159
24.1541099548
24.4142549038
23.9245018959
24.1534559727
24.4041838646
24.1379349232
24.1900141239
24.0275700092
24.382352829
23.3049039841
24.3339648247
23.5819089413
22.7643821239
22.9658179283
24.1881868839
22.5812649727
24.2865979671
20.9500930309
24.2421219349
23.4742360115
23.5948679447
24.1456260681
24.3113930225
24.1223561764
23.8750908375
24.2218129635
21.6638638973
22.2577259541
23.5534129143
23.7695908546
23.6148509979
24.5240008831
23.6228101254
23.6768360138
21.9032101631
24.3191170692
23.6622169018
24.1456639767
24.0008840561
23.9367668629
24.1801228523
24.1667380333
23.8422141075
23.9253730774
23.9421849251
24.6908779144
23.5031089783
24.0336079597
23.67298913
20.4863090515
22.333974123
22.8006958961
23.9074430466
23.8661198616
19.6690280437
24.6698360443
24.1962399483
24.1594779491
24.4567260742
24.279458046
24.6822891235
23.3593509197
23.6639499664
24.184470892
23.8149340153
23.1504509449
24.9225430489
23.1328570843
20.5212352276
24.119314909
23.9680278301
24.0500700474
24.5901432037
24.2910501957
23.6312258244
24.5017290115
23.9338309765
21.5208399296
22.3388898373
24.4042401314
22.8860430717
20.4541509151
22.4906690121
24.014537096
23.3924531937
23.6276371479
18.0949780941
24.7942409515
24.6987659931
24.3971869946
23.8389210701
23.068821907
24.5061399937
22.8550229073
23.7027089596
23.8431310654
21.261300087
23.8323690891
23.5031650066
24.5693349838
24.2020039558
24.3351690769
24.6137588024
24.0791540146
24.5427789688
24.6136388779
24.105686903
24.2812530994
23.7299079895
23.5254590511
21.5489311218
23.9566049576
24.3967471123
23.9585669041
22.6663310528
23.9817399979
24.3753581047
23.1818799973
23.9636209011
23.5679588318
23.8180239201
23.9306349754
24.2495491505
24.1232850552
23.9654810429
24.2508299351
24.1433548927
24.1722300053
24.4103269577
22.9587209225
22.9064099789
23.0391061306
19.4527130127
23.1869478226
19.3100090027
21.648514986
24.2724540234
24.1691792011
24.1024279594
24.5284240246
23.6274039745
24.3876540661
24.5140500069
24.0297768116
22.7120649815
24.0012490749
20.0284490585
22.68288517
23.8146390915
23.7365548611
23.847807169
21.4326720238
24.1327090263
22.2486159801
24.3778150082
23.9992249012
24.1358160973
23.8398420811
19.4824280739
23.9192728996
23.7393898964
23.7174890041
23.388299942
23.8637030125
24.2383818626
24.2271130085
24.6538119316
24.5215828419
24.6406497955
22.9998950958
24.9295868874
23.218501091
20.4778320789
24.3827149868
23.0071959496
23.4046139717
20.1312601566
23.9897658825
22.8988649845
21.3942949772
23.0396330357
23.5758059025
23.6844110489
24.6450531483
23.5442130566
22.9419419765
22.0163710117
22.8440821171
22.8625409603
18.970687151
22.7866680622
23.8950529099
20.7180249691
21.2173957825
20.9453790188
23.2423210144
23.4655108452
18.8977239132
18.9583179951
24.1562509537
23.5154130459
23.9166688919
21.2117218971
20.4052450657
24.3714170456
24.3714549541
24.3114740849
20.9280080795
22.5592198372
23.8287920952
23.7767760754
23.7611420155
23.9896171093
23.7379438877
21.6819310188
23.6565299034
23.8182210922
23.9576070309
24.4075248241
23.3706419468
23.4628038406
23.1623811722
20.0756790638
22.9665949345
23.5056200027
21.9030148983
21.3996329308
23.1296210289
22.6364159584
23.9125368595
21.2177629471
22.7662131786
23.8618381023
20.7882330418
22.0525989532
23.7885549068
19.6084709167
22.8817589283
20.1703481674
23.7100701332
23.9500670433
20.9339609146
21.8767960072
24.3561999798
24.0735759735
24.0909438133
23.147413969
23.5837612152
23.7605199814
22.4299528599
22.6136529446
22.6069469452
21.0470819473
22.3909828663
23.5946891308
24.2414209843
22.7859430313
24.3510079384
24.7184479237
24.1355118752
20.3753159046
19.60729599
24.1619360447
22.5776538849
23.9899480343
24.2281980515
24.1395361423
23.5962011814
24.1573400497
23.2744078636
24.1782839298
24.0719280243
23.4834752083
22.2103149891
23.4942579269
24.130243063
23.3824789524
22.9526810646
23.7874491215
22.1832528114
23.8653008938
24.0996317863
24.2396719456
23.9916579723
23.7519831657
23.8643121719
23.1869440079
24.6779549122
23.5063729286
21.798803091
23.8792309761
24.7657680511
24.0237369537
20.0710840225
21.0421068668
23.1242160797
24.3962099552
21.4937419891
21.6662449837
22.4304590225
21.9099099636
22.6680860519
22.149916172
22.0040788651
21.5180270672
23.4211790562
22.6531190872
23.9889550209
23.1640079021
23.6378889084
23.2615039349
20.3107409477
21.6528570652
18.8511109352
19.9031169415
23.998374939
21.7422709465
24.067191124
17.9853999615
24.2751750946
22.3340170383
23.8498260975
20.4187271595
23.4332389832
20.9873030186
24.1084518433
24.1264119148
24.1811928749
24.0776278973
23.7749629021
24.216206789
23.6457719803
22.7568480968
23.0985341072
23.7526800632
22.1576471329
24.4886968136
24.2487781048
22.9984178543
23.3317182064
23.4794020653
24.1788508892
24.235090971
24.3173749447
23.9434390068
24.2298629284
24.3527898788
22.3399279118
23.1505389214
21.5832178593
22.2611072063
24.1477949619
23.7018499374
24.0093519688
23.2571649551
22.6889829636
23.9772357941
22.8099050522
23.7688298225
20.0212569237
23.6617109776
23.9007720947
24.1028609276
23.8383629322
24.6040039062
23.9598500729
23.2416110039
23.8494091034
23.6318888664
24.1343882084
23.5415968895
24.0620961189
23.452819109
23.9646530151
23.7408471107
23.7021551132
22.2709310055
23.459993124
23.9901719093
24.77216506
24.0823969841
22.9759190083
23.8970379829
24.5558199883
21.9927060604
24.0492639542
21.7182309628
23.8158349991
23.6860499382
24.2700610161
24.0741589069
24.5264601707
23.4257638454
21.4785730839
24.9435811043
23.5032458305
22.7065820694
18.3346500397
23.8962099552
23.8803150654
18.5114059448
22.7002949715
23.8213789463
22.7300720215
23.9869439602
23.7388179302
23.8735349178
23.8540320396
22.5806319714
24.3040859699
24.5908200741
24.1999461651
22.2777860165
23.5476131439
23.3991861343
20.2611010075
23.1687259674
24.1729588509
23.8116621971
23.2311291695
18.9531021118
24.0194380283
19.8368928432
23.8028931618
24.2123081684
24.2932040691
23.958963871
23.6463999748
23.8400161266
24.0122761726
22.590072155
23.9378750324
23.0801639557
22.5687220097
24.8798789978
21.2689459324
19.2308518887
19.2777659893
21.7038772106
19.985861063
21.456371069
23.8890190125
24.154102087
19.9299948215
23.4421579838
24.3293120861
24.4848499298
25.112390995
22.9349560738
24.0921800137
23.5731959343
23.6589119434
24.3045258522
23.8600649834
22.8677949905
23.1833028793
23.5881531239
22.5178411007
19.1195030212
23.1844518185
24.1347239017
23.3665800095
20.2508649826
23.8038101196
23.8161511421
23.1273770332
21.9243850708
21.1814639568
24.1135830879
23.4678390026
19.5966551304
19.2285718918
23.7002079487
23.8134219646
23.8590388298
23.1481909752
23.5948441029
24.2349078655
22.9607570171
18.7203791142
24.1856071949
21.8395860195
21.9743099213
24.2645761967
23.8843638897
23.869579792
24.178896904
23.8020119667
24.488918066
23.6474421024
23.974601984
23.800399065
24.3038599491
24.1916890144
24.1957139969
21.4059319496
24.4328958988
24.0935599804
21.8568840027
24.4309911728
23.9789009094
23.6959018707
23.1188468933
21.6843259335
19.7190380096
24.2700519562
23.558079958
19.2763938904
23.1224119663
22.8292889595
20.9499630928
23.9103991985
21.4657349586
23.615457058
23.6656410694
24.0757739544
22.5442061424
24.2189888954
18.8914811611
19.9068818092
22.3781368732
23.6517939568
23.465059042
23.8184280396
23.261482954
24.4247550964
23.8537781239
20.7225079536
24.6579627991
23.2960619926
21.8822088242
20.9499659538
24.3592469692
21.8150441647
22.3330659866
23.6769859791
22.2915811539
23.5661871433
24.0753769875
23.418443203
23.6202580929
24.2718019485
23.1569011211
24.1447710991
23.3333189487
20.4147348404
23.9331171513
21.8035469055
17.9663920403
19.7283680439
23.7197139263
19.8240787983
22.4244601727
21.9954459667
24.0329010487
18.6651899815
24.0356168747
19.4282829762
18.2296550274
24.1309177876
17.927574873
23.9006459713
23.7879850864
19.271381855
24.5728449821
22.5497999191
23.3910291195
23.4201030731
23.2224469185
24.1113348007
22.0105371475
23.8189280033
24.644892931
22.9305901527
24.4134311676
22.260310173
23.6993088722
24.0125570297
24.304402113
23.8908109665
23.8567330837
24.2200400829
21.2336189747
24.2847371101
23.0196750164
24.0364100933
23.4454739094
24.0838699341
23.3883330822
23.9400939941
22.2775092125
19.7631311417
24.1853098869
23.9657077789
24.0402932167
22.8907251358
23.1854767799
24.4975409508
