Experiment Results
472.425826073
471.644976139
468.924690962
468.792602062
469.342532873
470.092797041
470.251002073
469.423614979
468.555724144
470.598782778
469.902091026
471.075109959
469.455297947
469.688103914
469.265650988
471.433474064
470.380515099
468.553297043
469.066668034
469.763699055
468.261123896
469.257874966
470.080432892
468.762223005
470.785583973
469.745626926
468.877928972
469.352972031
469.859553099
470.651177883
468.382780075
471.571325064
471.776238918
472.764827967
470.719084978
469.069865942
469.575668812
469.265601158
468.976392984
469.465653896
469.799887896
468.048977852
469.139620781
469.422706842
468.345289946
468.798557997
468.352936983
468.36999011
470.277138948
470.766452789
468.862536907
469.080127001
471.181988955
469.230932951
469.476045847
469.601912022
468.963242054
470.160871029
470.29373908
470.15083313
470.776039839
470.572622061
469.044936895
469.218644142
469.54632616
469.862654924
470.466670036
468.583817959
468.389708996
468.745389938
469.780749083
468.276335955
469.496032
469.548193932
468.389420033
470.241437912
470.870302916
469.091289997
469.161342144
470.351573229
469.292678833
468.228564024
470.86344099
469.164191008
472.256897926
471.393007994
470.682455063
469.654119968
469.913954973
470.652648926
468.397585869
469.528733969
470.16624999
470.615864992
469.643332958
468.662812948
468.875319958
468.550565958
468.585155964
469.480934143
469.949609995
468.754530907
468.910293818
469.405164003
468.170144081
468.785510063
471.027662992
469.651340961
468.509866953
470.749697924
470.950082779
469.47376895
469.254903078
468.081500053
468.608631849
471.610977888
470.460503817
469.651428938
468.663336992
468.478452921
468.770179987
471.94184804
468.794615984
470.474343061
468.873492956
469.28149581
468.55882287
468.787039042
469.83336401
468.069416046
469.174853802
470.763523102
472.028815985
469.719618082
468.966458082
469.25562191
468.68213892
468.394378901
469.231511831
471.467569113
468.42395997
470.503401995
469.436715126
472.02444005
469.360460043
469.498678923
469.954349041
470.467746973
468.166886091
470.380026817
468.667621851
469.766586781
468.37698102
468.982236862
471.467792034
470.657964945
469.142574072
470.169183969
470.658664942
468.372400999
470.608044863
471.810632944
469.37061286
468.669086933
468.559957981
469.664928913
470.554957867
469.387040138
468.667601824
468.462918997
470.4923141
470.255661011
471.163711071
471.338778973
469.998560905
469.459539175
470.136061907
470.274354935
469.114387989
470.12904501
470.378965139
468.468878031
469.068129063
470.966783047
470.182086945
471.274989128
470.26885891
468.471101046
470.07059598
469.250972986
468.600641966
470.831893921
471.138520956
469.477269173
469.458277941
470.057407856
468.472822905
471.179702997
468.699630976
471.03963995
469.665875912
469.19291091
469.846223116
469.907279015
470.450423002
468.05809617
467.781852961
470.11934495
468.824738026
468.88546586
470.029454947
469.368596792
468.258677959
468.469732046
469.45122695
471.253917217
471.084779024
470.074515104
469.324527979
470.462373972
469.166925907
468.969843864
468.228290081
469.729585171
467.584771872
469.766982079
471.243695021
469.261987925
468.859549046
469.459734917
468.279197931
469.270298004
469.980269194
469.881511211
468.430269957
468.765805006
470.986890078
470.744655132
471.654991865
468.880897045
468.975408077
469.029453993
468.532876968
468.051604033
468.026870012
468.099236012
468.576128006
468.155575991
468.352870226
469.66053915
468.874775887
469.359097004
469.881160975
468.195508003
468.446832895
470.709453821
468.021075964
469.582113028
468.57572794
469.781245947
467.871377945
469.876079082
468.566098928
469.062365055
470.178835154
469.36352396
472.77539897
468.796338081
470.562040806
469.761818886
468.784042835
470.055773973
468.765459061
469.444365978
469.554197073
468.386987925
468.269876003
468.979161978
468.768303871
468.662789106
468.454864025
468.479200125
468.657473087
468.185400009
467.574564934
467.877604961
467.772882223
468.209532976
468.924054861
467.965615988
468.186515093
468.356208086
468.885797977
467.964895964
469.281909943
469.665050983
470.155476809
468.089884996
468.765469074
468.573669195
469.280946016
468.892225027
468.855043173
471.232620001
468.279446125
469.193783998
468.437813997
469.632616043
468.141302824
469.609817982
469.712238073
469.862457037
469.069928885
468.586167097
468.153325081
467.860835075
469.36621213
469.078178167
471.056980848
468.292011976
468.354458094
467.559114933
469.673444986
468.182865143
468.858513117
470.589095831
470.353748083
469.770852089
469.463340044
469.064933062
468.763113976
468.895895958
468.34294486
468.88148284
467.944468975
468.367072105
468.257642984
468.279008865
467.859535933
468.788380861
471.17733407
470.619913816
468.745953083
470.038399935
469.650466919
467.480741978
467.843967915
468.278534889
469.582785845
468.67856884
468.171525955
467.563356876
467.980265856
470.658706903
469.26460886
470.27183795
469.22309494
468.177671909
470.783341885
470.326941967
469.885398865
470.947221994
469.604058027
469.665962934
469.954644918
469.074542046
470.47068119
468.889895916
470.259966135
469.56024313
470.585029125
469.597260952
470.123192072
470.638220072
471.467216015
470.380632877
470.168160915
469.293262005
468.562062025
468.539975166
470.885551929
468.869342089
468.759443998
468.57747221
469.77489996
468.682894945
469.268947124
470.062450886
469.47279191
469.162887096
470.285264015
468.934910059
469.183053017
470.783529997
470.244737864
470.552658081
469.953598976
470.178983927
470.246734142
469.87659502
469.286056042
469.07310605
469.836292982
469.948952198
470.208940029
471.264091969
470.717942953
470.239153862
470.212619066
470.251610041
469.044934034
471.067579031
471.75872612
468.486279964
469.192517042
469.464137793
468.516777992
470.755367041
469.669862986
469.977375984
470.45778513
469.077018023
468.577608824
469.079901934
468.54580307
469.747820139
468.275762796
468.865056038
469.965676069
469.475380898
469.86559391
469.780450106
469.188953876
468.578393221
468.469140053
469.85255909
469.074513912
468.759618998
469.958516836
468.591121912
468.172585011
468.352413177
468.227258921
467.617213964
468.958163977
469.28908515
468.957412004
468.984876871
468.758981943
468.489938974
468.66576314
469.384545088
468.360785961
468.799565077
468.345722914
467.962835073
468.947075129
468.486315966
469.376955032
468.652696848
468.783232927
468.588191986
469.744976997
469.556509018
469.188263893
468.672191143
468.858267069
468.163134098
468.765995979
468.808229923
469.640678883
469.367913008
468.977632046
468.637239933
469.588968039
469.373267174
468.35439086
468.475592136
469.47100091
468.744053125
468.973125935
469.286818027
468.659250975
468.776635885
469.58198905
469.072483063
468.17000699
468.840004921
469.762112141
468.671384096
469.897872925
468.718379021
468.190821886
468.373997927
467.751227856
468.494565964
471.078451872
469.588018894
467.957818031
468.237746
467.786793947
469.474983931
468.737600088
469.312517166
469.245723009
468.313026905
468.70260191
469.457548857
469.908368111
469.648569107
468.937664032
468.676001072
468.762176991
468.479152918
467.568849087
468.251788855
468.975172997
466.777754068
468.672894955
468.57633996
469.537676096
468.972507
467.87928009
467.679865122
468.472718
468.952080011
469.150043011
468.896355152
468.837100983
469.060587883
468.683319092
468.883261919
468.163165092
469.987759113
469.663707018
466.659821987
468.492423058
467.552350044
470.49408412
468.925458908
469.531039
471.849731207
469.834013939
470.317849159
468.859580994
468.192884922
468.578768969
468.344986916
467.464848042
469.305974007
470.221265078
469.380103827
469.981823921
469.666677952
469.761683941
469.269598007
469.092346907
468.457849979
468.868794203
468.749897957
468.061333179
467.747247934
469.29699707
467.78721118
468.58107686
468.883082867
467.852132082
469.359402895
468.480365992
469.13421011
469.379364014
469.480413914
468.766743183
470.432510138
468.770405054
468.758290052
469.062206984
469.671911001
469.459148884
469.049285173
469.241400003
469.097616911
468.758122921
470.65171504
468.996948004
469.650886059
469.463449001
469.679389
469.17906189
470.357187986
469.104586124
469.547147989
468.95557189
470.100785971
468.915105104
468.575520039
469.973132849
468.593292952
468.956681967
469.52857995
