Experiment Results
3.3366158325225115
3.260252520442009
4.443081758916378
4.5860226806253195
4.978985285386443
2.7924124877899885
3.0721553210169077
3.9897214472293854
2.8698752485215664
3.1583144925534725
2.7303390745073557
3.578192688524723
3.3749086409807205
3.0011867620050907
3.8694279864430428
2.886067407205701
2.8839563746005297
3.088114505633712
2.7870667073875666
2.7742677312344313
6.5999974720180035
2.7932976856827736
7.876113686710596
3.078719647601247
3.0038728658109903
4.572087058797479
6.291411919519305
4.684534283354878
2.79066015034914
9.7790896743536
7.096663188189268
2.78345968388021
2.9957897793501616
4.181651085615158
2.9093884006142616
8.104523254558444
2.705067152157426
2.6392599660903215
5.798899337649345
7.177546013146639
3.090131441131234
2.692539105191827
6.604455163702369
2.6801745761185884
2.7804103922098875
6.327790843322873
7.255226058885455
4.705794587731361
4.582709521055222
2.5906712133437395
2.8015728425234556
7.780111014842987
2.796021642163396
3.5119773354381323
4.594079807400703
5.186463136225939
4.47315757535398
2.6877391915768385
8.303201558068395
8.478675888851285
2.6008996050804853
3.1110469941049814
2.766051957383752
3.099261710420251
2.77876053750515
2.7972830068320036
7.121556529775262
3.4643033780157566
6.984127007424831
5.38969543017447
2.7028361205011606
2.6008949540555477
7.005054265260696
6.37196715734899
2.7959368228912354
2.963085288181901
2.920289320871234
3.0912924613803625
2.6851138304919004
5.725487530231476
3.043502140790224
3.038995301350951
5.794692061841488
4.473181905224919
2.6933107003569603
3.1871684566140175
7.891463603824377
5.892127323895693
4.692463638260961
2.7180090080946684
8.982537500560284
3.0008974969387054
8.097531367093325
2.6712060682475567
6.3079971093684435
2.6739222295582294
7.221390090882778
2.6643418669700623
5.894434863701463
5.1044955514371395
3.2440811060369015
5.862877218052745
3.1627679523080587
5.58942181058228
3.378949338570237
3.2629362642765045
3.071144076064229
3.909934937953949
2.8579881358891726
3.9991593528538942
3.1813396774232388
2.8728600591421127
6.798043379560113
2.688127115368843
8.342046294361353
2.9253285843878984
2.8699597008526325
4.693570056930184
2.90284444950521
3.795630183070898
6.177623940631747
4.56873700581491
2.881469376385212
6.908920731395483
5.286736870184541
2.5762245655059814
2.9752994291484356
5.912545781582594
3.166711125522852
5.192728305235505
2.7839133515954018
5.5221458822488785
2.9542761147022247
2.695995135232806
5.480125831440091
2.9010269194841385
2.6888453867286444
3.1888829972594976
4.485664350911975
2.7901881001889706
4.085338156670332
3.8181135933846235
2.862819876521826
2.8997940942645073
2.7806654181331396
7.402307266369462
3.0834235586225986
2.7980187740176916
2.784514505416155
2.795027308166027
3.2007030844688416
2.9845653362572193
2.7043603118509054
2.8753465488553047
2.782133463770151
5.095559807494283
2.811360776424408
2.8503643218427896
3.023681126534939
2.6882139686495066
2.58365261554718
2.7028714399784803
5.987976552918553
3.894829213619232
2.792017975822091
2.5803526286035776
5.907132223248482
3.18194336630404
2.998964635655284
2.9869386479258537
2.798841079697013
2.7907735500484705
3.081691011786461
2.8221115320920944
6.564884023740888
5.594666309654713
2.8968568835407495
2.803663745522499
3.188172185793519
2.8883414920419455
2.795848347246647
3.0029104463756084
2.7863464448601007
2.886433508247137
6.0882959347218275
2.7910893578082323
3.001623410731554
3.789562027901411
2.599874787032604
3.085953202098608
4.661721328273416
2.6355495490133762
2.4857437070459127
2.59096453525126
2.9014536645263433
6.154509510844946
2.6576456520706415
2.647519141435623
2.906037272885442
2.3851609844714403
3.253886729478836
2.979378644376993
3.179960485547781
2.9863604344427586
3.5683306865394115
2.951636293902993
2.774308843538165
2.6996539887040854
2.786689944565296
2.9690151289105415
3.0810476690530777
4.193699074909091
2.938196998089552
7.340058892965317
2.7675537690520287
2.7944300305098295
2.9609315898269415
3.006028324365616
2.895874436944723
2.8750582486391068
2.5996668599545956
2.88431653752923
2.671279661357403
6.231613043695688
4.450167702510953
2.8851633463054895
2.792049439623952
5.99203916080296
2.7852954268455505
2.9994653072208166
2.6941195521503687
2.7846963852643967
2.790428515523672
2.869212582707405
2.999382173642516
2.991423649713397
3.170991601422429
2.6119522638618946
2.662468146532774
2.8400037940591574
2.9525865260511637
2.5897371377795935
2.6841800920665264
2.908279361203313
2.874888526275754
2.883124029263854
6.502195809036493
2.9654744248837233
2.7430207952857018
2.9579360447824
2.7040907200425863
2.7754173073917627
2.6877087485045195
2.8928158078342676
2.598070163279772
2.5832877662032843
2.799281155690551
2.8094388600438833
2.7525837551802397
2.847807928919792
2.7772389110177755
2.676943412050605
2.98056872561574
2.615106377750635
2.6784166377037764
2.897326624020934
2.5924215018749237
2.592245051637292
2.990336012095213
2.6910776793956757
2.800037456676364
2.595684887841344
5.7794499937444925
2.589516293257475
4.49287199229002
4.89394461736083
2.6947335489094257
2.491609362885356
2.711547363549471
2.672187179327011
2.5040035899728537
2.7066520396620035
2.6690229196101427
2.9703751280903816
2.9153337478637695
2.703606801107526
2.4962167646735907
2.7915423959493637
2.587868107482791
2.602386102080345
2.589993115514517
2.887845356017351
2.893694495782256
2.5908291582018137
2.8065375573933125
2.683847101405263
2.7915826980024576
2.7152005285024643
4.267783634364605
2.4901586920022964
3.55239499732852
3.0683798622339964
3.3743671122938395
2.9537374321371317
2.985085366293788
2.8788808211684227
2.9723479468375444
3.376080695539713
4.791503503918648
2.883548066020012
2.708304949104786
3.2680554632097483
3.0747414343059063
3.1891642548143864
2.988940443843603
2.781735684722662
2.801982469856739
2.7668669186532497
7.09548220038414
2.981276359409094
3.2903887946158648
2.8749335315078497
2.9019396528601646
3.0003346484154463
2.8653310872614384
2.8147654850035906
2.665979603305459
2.979881277307868
2.6586264297366142
3.408421192318201
2.8916397262364626
3.1143430545926094
3.362643590196967
2.8071782402694225
3.0731935929507017
2.9851973801851273
2.588659852743149
2.671326732262969
2.717615531757474
2.791019856929779
2.9937422033399343
2.772893499583006
5.993792766705155
2.8028362952172756
2.9875305518507957
2.881998483091593
2.7892944663763046
2.792797015979886
2.5990907847881317
2.9006791952997446
2.773642932996154
2.673176161944866
2.8118834421038628
2.6972468849271536
3.108286825940013
2.9762212242931128
2.9901689998805523
2.7911102287471294
2.5936803836375475
2.9802330024540424
2.9038437698036432
2.781063323840499
2.887284642085433
2.6017175428569317
2.8146561682224274
2.5762381982058287
2.983955528587103
2.789151346310973
2.795554442331195
2.8951248545199633
3.908117664977908
2.7734459824860096
2.94005536288023
3.05812531337142
2.781076103448868
3.498385775834322
2.7883956357836723
2.7833017893135548
2.5950854774564505
3.295882487669587
2.7752834986895323
2.7030778881162405
2.6926378086209297
2.6990161798894405
2.6865078900009394
2.9056300278753042
5.015207666903734
2.8704320583492517
2.5854093469679356
2.8970863800495863
2.810512937605381
2.875289538875222
2.787199079990387
5.89996100962162
2.9558536671102047
2.925609039142728
3.194863609969616
2.7925156448036432
2.698023896664381
4.425327278673649
3.420490261167288
3.059347838163376
3.1509050372987986
3.1123997792601585
3.1648615151643753
3.267621785402298
2.885168319568038
2.8105928264558315
3.0595870967954397
3.103393604978919
5.365579430013895
3.004714073613286
2.959712900221348
2.9955664183944464
2.7832425720989704
2.993163615465164
3.07629756256938
2.88196537271142
2.857919543981552
2.921107240021229
2.776662264019251
3.098329884931445
2.989786423742771
4.892494011670351
2.7772652618587017
2.775915963575244
2.796250829473138
2.912337426096201
3.0615012161433697
3.0763348937034607
2.7997517995536327
2.688806189224124
3.0813817232847214
3.088572194799781
2.885965360328555
2.8910668157041073
2.785422395914793
6.789277121424675
2.80028441734612
2.7702735234051943
3.009702403098345
2.7865826785564423
2.6977437883615494
2.981972897425294
2.808460731059313
2.670650342479348
2.99523757211864
3.196329489350319
2.595588320866227
2.8999795094132423
2.7675567232072353
5.507881475612521
3.083449173718691
2.794732255861163
2.676527163013816
2.8051870949566364
3.381952326744795
2.702640077099204
2.7869309596717358
2.788730539381504
2.718266423791647
2.7774943877011538
2.7096261493861675
2.787938665598631
2.5442210752516985
2.622385684400797
5.385320704430342
2.497563324868679
2.886614141985774
2.888531217351556
2.725791897624731
2.7930470444262028
2.769774578511715
2.6959076207131147
3.217284046113491
2.8706742133945227
2.7925038058310747
2.5921769868582487
2.785108346492052
2.7202317882329226
2.572967929765582
3.003671433776617
3.0719367284327745
3.805514246225357
2.788380639627576
6.890178207308054
2.6859706938266754
2.8051493763923645
2.671200804412365
2.698059894144535
2.7935598082840443
2.9904802944511175
2.6914279721677303
2.49126335978508
3.795930439606309
2.908134426921606
2.6833528243005276
2.7732940800487995
6.627690609544516
2.7768888268619776
3.4485555570572615
3.0066988728940487
3.335983356460929
2.9684894792735577
2.988182546570897
2.8829264976084232
3.0740930046886206
3.1764838621020317
2.9939058870077133
3.482610857114196
3.282669961452484
6.681577816605568
2.9912025053054094
3.183759719133377
2.7893115784972906
2.792538033798337
2.789782026782632
3.0633849445730448
3.0852915216237307
2.9975703209638596
2.9861478991806507
2.888655424118042
2.6928760427981615
3.191666591912508
3.164613101631403
2.8943320140242577
3.1852758172899485
2.794610697776079
3.2592901419848204
3.106492867693305
2.895438726991415
2.591520879417658
2.7767443135380745
2.993506645783782
2.8813663851469755
3.09210791811347
2.7953607607632875
2.7997980657964945
2.878678170964122
2.894464684650302
3.1881934218108654
2.784286556765437
3.088791562244296
2.894558485597372
2.7049929834902287
2.7806637436151505
3.1122215539216995
3.355186827480793
3.7899988424032927
3.0125916581600904
3.7949512638151646
2.6865772046148777
2.884904546663165
3.0882715303450823
3.0108829252421856
3.97912160679698
4.495506012812257
6.304263340309262
2.774674529209733
2.7903731018304825
2.7918621096760035
2.6834355778992176
2.7853435985744
2.8988342992961407
3.69175991602242
2.6896536760032177
5.106756526976824
2.682519655674696
2.6889639496803284
3.2932183016091585
2.8927342984825373
2.8021924663335085
3.6816359274089336
2.5987487211823463
5.5833746287971735
3.0114356707781553
2.8994054794311523
2.8719021901488304
2.695027958601713
3.412193812429905
2.774110248312354
2.59482410736382
4.689546674489975
2.9040768146514893
2.9882015958428383
2.7882681488990784
4.097341470420361
2.7924115415662527
2.7851217426359653
2.8862810973078012
2.919210359454155
2.681609757244587
3.0926345009356737
2.9924900848418474
2.583618201315403
5.890760598704219
2.8005569502711296
2.7841166015714407
2.6079376209527254
2.6880678944289684
