Experiment Results
18.9492630959
18.7484009266
17.6754670143
17.584913969
17.7642970085
17.0620141029
15.944494009
17.6888329983
17.964758873
17.3571360111
17.4715359211
19.4976971149
17.7249331474
16.0637180805
17.5972249508
17.5784878731
17.8332798481
17.5051679611
17.9330511093
17.8601520061
18.2147359848
16.4562311172
17.2014088631
18.1114468575
17.5737390518
17.974684
18.343296051
17.2509951591
16.7853560448
17.870167017
18.0166561604
18.2267799377
17.7949860096
17.753993988
17.9615440369
17.7556159496
18.2731690407
18.4075539112
18.4497339725
15.3891060352
17.3919949532
17.9755558968
17.9618659019
16.7178869247
17.6321048737
16.8292851448
17.5584259033
18.1797640324
17.2737500668
18.0177369118
16.8972270489
18.3598310947
17.8505749702
18.1766610146
17.779335022
18.8821640015
17.6717879772
17.1944720745
17.7123138905
16.8545119762
17.6333558559
18.6098759174
16.8255960941
17.3896920681
17.381526947
17.6611061096
17.3421230316
18.5809869766
17.6624979973
18.8699190617
17.3233180046
18.0741701126
17.6501810551
16.9111101627
19.3694798946
16.6746780872
18.2159371376
16.9372780323
17.3807959557
17.9464979172
17.2148768902
16.4550080299
17.5020079613
17.0249929428
16.3130719662
17.9877669811
18.2625260353
17.9671461582
19.2933499813
17.1713480949
17.35308218
17.9560439587
15.3833870888
16.9727210999
16.3767879009
17.454816103
18.6245748997
17.2075870037
17.7971529961
17.1363680363
16.8018059731
16.5288579464
23.1307299137
17.3138918877
16.8123879433
17.6852810383
17.334539175
17.326280117
17.328649044
16.3663070202
17.0748610497
16.7499449253
16.9099788666
17.9491798878
18.3778557777
17.8664469719
33.9749388695
16.8706800938
17.8655297756
17.7119278908
18.2449250221
17.0163509846
17.8942918777
17.9433090687
17.6089060307
18.4531729221
17.3648440838
16.7733941078
18.0639820099
17.6271691322
17.1491749287
18.2285609245
17.1868238449
18.2758529186
17.9332959652
18.0622398853
17.1507179737
17.4441940784
18.1450247765
17.9889109135
16.9855618477
17.026512146
18.8541021347
16.8537909985
17.6478419304
18.1997709274
17.234413147
17.1222829819
17.7231311798
17.689866066
17.6702229977
18.3139269352
17.25071311
18.2171590328
18.3706169128
18.176776886
17.3027880192
16.3082118034
16.8114180565
17.7213490009
17.6965918541
18.5135719776
17.5806009769
16.1672480106
17.8989579678
17.0352699757
16.658082962
17.8570930958
18.2854537964
18.6405251026
17.0110030174
17.8434798717
17.246409893
17.2486329079
16.8649110794
17.2076671124
19.1827619076
16.7776629925
19.8137559891
18.1495041847
19.1070489883
18.0863280296
17.2426400185
17.9923830032
17.3422880173
16.9042220116
17.237443924
17.6628232002
16.9629251957
17.2311728001
17.7389230728
17.6282479763
17.006855011
17.6696841717
17.1477880478
17.1775631905
16.7881641388
16.5097360611
18.0619950294
16.7505459785
18.4749889374
18.344504118
18.091354847
18.7492189407
17.0755410194
16.9903328419
17.2998058796
17.1968660355
17.8410689831
16.9634540081
15.4905891418
17.6627869606
16.9564049244
19.6840200424
16.5657207966
17.4189238548
17.6008548737
17.3397011757
17.4789979458
17.0422840118
17.8804578781
17.1830310822
17.5349869728
17.1174108982
17.7260320187
18.1634042263
16.9576849937
17.4411830902
17.81559515
16.7960021496
16.556142807
17.3506891727
17.3165199757
17.1360259056
15.8238079548
18.4245429039
17.5085611343
17.4100291729
16.3172311783
16.2242400646
17.6710538864
17.3452749252
16.4939920902
16.8677380085
17.3931829929
16.9648449421
17.8158731461
18.2843339443
17.2660079002
18.0093691349
17.5453147888
17.1760458946
17.4172251225
16.9162769318
16.982820034
17.3620760441
17.3864579201
17.415448904
16.7452509403
16.8545980453
17.9755568504
16.9879779816
17.4329080582
17.7616450787
17.9639530182
17.8706068993
19.3689200878
23.503029108
18.3810560703
17.5388560295
16.6292870045
17.4452998638
16.3439319134
16.605807066
15.9687330723
17.4538691044
16.1388959885
17.6218490601
15.93957901
18.3668410778
16.3236181736
17.4551529884
16.2096881866
27.1179962158
15.8493320942
17.4745299816
16.4927721024
17.6747391224
16.1633651257
17.447936058
16.7128698826
17.5864059925
15.8609349728
15.908493042
18.2655060291
17.540872097
18.0619208813
17.5189239979
16.9053969383
16.7168409824
15.7971248627
17.3900511265
16.2083070278
17.5866317749
15.995527029
17.6186790466
15.8885149956
15.9969470501
16.2644379139
17.3640930653
16.2782700062
17.7023739815
15.8868830204
17.2234399319
16.363106966
16.2734050751
16.2835040092
17.8979890347
17.7654829025
17.0787639618
17.189827919
17.0529060364
15.8773801327
17.3395130634
17.6043999195
17.2897400856
17.3512201309
18.4805219173
17.1651449203
17.6306159496
16.8928048611
16.8592000008
15.8668329716
17.3294961452
15.7519359589
17.0434689522
16.9360301495
18.3752498627
17.8465249538
17.2821409702
16.2917978764
15.921790123
17.6171021461
15.9580738544
17.2303009033
16.0077321529
17.1295599937
15.6501681805
17.3580880165
15.9572219849
17.2654311657
15.9517869949
16.7936389446
16.2347130775
16.2753710747
18.097867012
17.1174302101
18.1849830151
17.7537419796
16.2492399216
17.6266210079
16.3168258667
17.7518820763
15.9111170769
17.833327055
16.122038126
17.3262281418
16.3524329662
18.5756340027
16.1428890228
17.3034999371
15.8761191368
17.6420531273
16.1375999451
18.1035420895
17.4188849926
17.8479290009
17.9001839161
16.9020299911
17.3441691399
15.7466890812
16.1420128345
15.8977649212
17.7913019657
17.4343090057
19.0124220848
17.5891110897
17.4613001347
16.3918850422
16.2221980095
17.5922040939
15.9831860065
17.3523898125
15.9965898991
17.2417168617
15.9556460381
17.6874508858
16.1939730644
18.1416268349
15.8130609989
18.3536670208
16.3437268734
18.3794059753
15.8464579582
15.8693599701
15.8768258095
17.5816440582
16.011909008
18.0753929615
16.2435119152
17.6658260822
15.8538169861
17.2994430065
16.6567699909
17.8785009384
16.8638088703
17.8307387829
15.7867741585
17.0477890968
15.9193360806
18.4105710983
15.8357560635
17.3938579559
15.3517260551
17.9169740677
16.7263059616
17.2843458652
16.0377328396
18.6586170197
15.6782450676
17.7855370045
16.0397279263
17.7961511612
15.591794014
16.9434940815
17.94490695
17.5460219383
18.2283260822
17.2479588985
16.7176969051
16.3295331001
17.5270221233
16.0216231346
18.1055390835
16.129032135
17.6392168999
18.0447368622
17.2425780296
17.3258700371
17.2652118206
16.2244989872
16.4497108459
17.6038229465
16.0335350037
18.3745219707
17.570868969
17.8139491081
17.2559559345
17.4119989872
16.9403409958
16.2671358585
17.1724290848
16.1443347931
18.377863884
15.9002850056
17.4685320854
16.1238749027
17.6380889416
15.9187569618
17.552025795
16.826374054
17.4982280731
15.8496878147
17.4761121273
16.0399339199
17.6016030312
15.6437110901
17.6205260754
16.1074678898
17.5591051579
15.9964079857
17.7881360054
18.1568419933
17.3782539368
17.584651947
17.286468029
16.0804648399
16.0774869919
18.3386290073
15.865375042
17.5613999367
17.4145319462
17.6638531685
17.6373231411
17.4345159531
17.6375458241
16.0163400173
16.0917539597
19.2743470669
17.9318990707
17.3146870136
17.4602401257
17.9696888924
16.666228056
16.4254710674
17.527741909
16.185628891
17.6698069572
15.8457958698
17.470083952
17.3056440353
20.0713407993
17.6676859856
17.1384592056
17.8390729427
17.2067480087
15.9670090675
15.6118609905
17.4971079826
16.3466379642
17.9835600853
17.6579198837
16.915984869
17.4855849743
18.0169270039
17.4363968372
17.5519580841
16.4029068947
15.4181668758
17.5924429893
17.2269480228
17.2440569401
17.5566520691
17.9912629128
17.1652290821
17.5319468975
16.2977871895
16.1650249958
16.404417038
15.9170429707
16.658809185
16.1510109901
17.7724990845
15.6689898968
17.5593850613
15.9025948048
17.3226032257
16.2368860245
18.2206509113
17.834747076
20.0478842258
16.109924078
17.3548009396
15.9831030369
17.3332278728
16.0263080597
16.3085329533
15.8527569771
17.3894078732
15.9524497986
16.6979219913
16.2832169533
17.8733279705
18.073127985
16.7059681416
15.9577381611
16.6787722111
17.3454780579
17.6095221043
17.5614390373
17.4478018284
16.8874030113
16.759262085
17.2497580051
17.1318778992
17.7981200218
18.5555160046
16.7599358559
16.2850589752
17.3376839161
17.5913670063
17.3741018772
17.0752921104
16.3650529385
16.2580058575
17.2773160934
17.6880300045
17.3388638496
17.4867789745
17.6691129208
16.9816110134
16.723626852
17.0956549644
15.8933780193
17.1809008121
16.0266439915
15.9896891117
16.3003640175
17.0799438953
15.8746628761
