Experiment Results
15.6808431149
13.1299679279
13.487085104
11.998789072
12.1842701435
8.88618087769
10.1552660465
10.5768389702
11.9254608154
10.6380519867
11.0299339294
9.88504099846
10.2006909847
11.7543640137
12.375715971
10.0477859974
9.51044511795
6.82785487175
9.07543897629
10.7051107883
10.6806731224
11.5661590099
8.68544816971
11.5473709106
12.1965279579
8.20283102989
10.0643239021
10.0983541012
8.9802467823
8.75279784203
11.4712119102
9.2555270195
9.57846689224
9.83134102821
10.6796550751
10.8882350922
9.62682414055
10.1407251358
13.0443649292
10.35592103
8.5186419487
8.09416699409
9.35398697853
8.32728505135
7.86258888245
8.19919109344
9.93120908737
10.0820372105
12.1250281334
11.0605020523
10.2114140987
8.73650884628
10.5298960209
11.6265740395
11.6207809448
8.4466381073
11.5083100796
7.96074700356
9.2581679821
7.7953619957
10.1767010689
9.0784060955
12.3088021278
10.7788648605
8.84511399269
10.8071119785
7.40123796463
9.91587591171
9.58538103104
9.10185098648
12.1524910927
12.4761099815
13.196269989
10.4857561588
9.6090669632
13.0124270916
9.53333091736
9.78291201591
10.4007649422
9.4433350563
10.2293419838
10.4908587933
11.2590239048
9.73439598083
10.0162930489
9.49087119102
11.3847649097
9.77135586739
9.12709188461
13.3439319134
9.26148700714
11.1155569553
9.36587715149
10.3515591621
12.4614560604
9.54775500298
8.42943406105
13.19977808
10.2865591049
9.48296904564
7.95874595642
11.636245966
13.1509099007
12.242743969
11.5013852119
9.63655400276
11.3281300068
12.6601188183
12.839122057
10.6640098095
9.49269104004
9.88087701797
9.80226302147
13.1350810528
11.0771250725
9.76976513863
10.1892459393
9.61341190338
10.3914768696
10.193310976
11.6342759132
9.06396508217
9.28007102013
11.5183339119
9.89740991592
10.6406350136
9.57180595398
9.42912793159
10.9203941822
10.3639531136
13.4490470886
8.60743808746
9.73389410973
10.6061370373
8.59645199776
10.5152461529
9.61635994911
9.26003909111
12.7038090229
8.94300913811
7.78450012207
10.1445810795
9.05629491806
8.05603003502
9.48044204712
10.0879380703
8.38616394997
10.1731240749
9.82383704185
10.2950298786
10.5830330849
9.7778968811
10.4024891853
10.4863140583
11.9561259747
8.56776404381
10.2123439312
8.43921709061
9.52187418938
8.70149993896
8.87876701355
7.78330898285
13.1396811008
10.4513778687
10.0568859577
10.5645160675
8.96839904785
10.1878118515
8.29783892632
10.9217331409
13.0162160397
13.1461570263
12.728828907
10.8937840462
10.4653220177
12.9673709869
8.35369801521
9.47869205475
10.332449913
9.79317593575
10.026927948
10.5968420506
8.83939003944
8.66795396805
9.95888400078
10.1398980618
10.1793968678
10.5760610104
8.64046788216
12.7258048058
9.54945898056
11.9116959572
8.37132000923
9.09211587906
12.3574337959
10.5236780643
9.55954694748
11.2824349403
11.5016298294
10.4511179924
9.17014312744
13.0506079197
13.3122279644
11.6780021191
13.089343071
9.80442500114
11.7626810074
12.5932049751
13.297700882
10.1933329105
10.0709891319
9.37476015091
10.498871088
13.1825408936
12.3487858772
10.4536170959
9.38862204552
9.11561894417
10.3165419102
10.092113018
12.3233909607
10.8391020298
10.924115181
10.7599790096
12.3019120693
10.5638108253
8.80917906761
9.33598613739
10.4676320553
10.618901968
11.903428793
10.1680040359
9.71704411507
10.1875178814
10.543653965
8.77464604378
10.1191949844
9.58566904068
13.0793261528
9.72635006905
10.1110341549
10.7851572037
10.0046238899
9.68597102165
10.8110129833
9.92061209679
8.61041688919
9.93599796295
12.2026669979
11.8986821175
10.0837409496
9.12268805504
11.5548391342
11.6500668526
12.1903419495
10.5511870384
11.3629279137
8.7804210186
9.5335791111
9.38965797424
10.5027358532
9.39608311653
13.3547849655
10.1428961754
9.09932494164
11.0868780613
12.9974520206
14.6092739105
9.78857302666
12.0834410191
13.7693591118
15.8689579964
13.7169940472
9.3217561245
10.667481184
14.0528850555
10.7185399532
13.6358239651
12.8818399906
14.2831041813
12.9347949028
16.6246869564
12.8257827759
10.181499958
9.279763937
11.0772850513
15.8874971867
15.3644549847
7.96220111847
15.9440629482
10.1155159473
12.3755309582
9.32588410378
9.4210050106
19.7277028561
10.9990260601
9.27483820915
18.9976360798
10.5895760059
10.8116879463
11.0007128716
12.2752959728
13.1024160385
11.4399330616
12.7993218899
10.0677630901
11.9840028286
11.1845159531
13.1725180149
8.53716206551
15.1616621017
13.6326999664
13.9984509945
21.0819120407
12.6028850079
8.55600190163
14.6939451694
14.2037899494
15.0314598083
12.942912817
14.1231617928
13.6730289459
11.4358699322
11.2146570683
16.6102650166
16.0164289474
13.3905258179
9.07824802399
11.7140128613
10.3712589741
21.862226963
10.4002139568
9.43013000488
12.9014890194
14.9757230282
12.9434399605
9.97388696671
10.4964370728
11.7382929325
16.7280499935
12.310888052
13.9148800373
10.2900869846
9.76540803909
15.440985918
14.8309879303
12.9467020035
13.1684901714
13.7580821514
13.3861269951
15.1260259151
11.9120130539
15.3369560242
12.1976969242
13.0176329613
10.6832020283
10.0562770367
10.5856580734
11.0123410225
20.0775790215
15.5845661163
11.1935770512
15.5443179607
10.5314249992
10.3059358597
8.57839798927
6.93521785736
20.2267110348
11.4764361382
11.0791831017
13.6091480255
13.5969948769
13.4880449772
17.0627880096
18.7209022045
21.9871270657
9.90274500847
12.1024370193
10.6501340866
11.0212829113
13.1690909863
9.21687412262
13.6220588684
17.6505351067
9.73101806641
10.9978530407
12.5659959316
12.3101570606
14.1171739101
18.1404900551
14.8861148357
13.5787081718
9.92587614059
9.62258601189
13.2521250248
9.98951506615
7.38759994507
14.2872600555
14.7659709454
14.6773040295
9.60073304176
13.546197176
13.0153620243
13.0834338665
15.1962962151
11.2297000885
23.4052259922
11.992538929
13.3463490009
10.7103340626
10.2881600857
9.70261001587
10.1097760201
13.9400029182
15.7312450409
10.4934561253
11.1492481232
9.62630605698
10.1946969032
10.6170330048
11.6970529556
13.0584080219
19.8312389851
11.8243420124
12.5348861217
10.6009049416
9.69278883934
7.72589898109
10.1543419361
15.8129150867
21.9418559074
9.69100499153
10.5930008888
9.13805294037
14.3210921288
11.104279995
15.5653059483
10.0818750858
19.8391089439
21.0130348206
10.1562540531
10.9694020748
10.8235840797
10.7041039467
10.7102549076
10.4242229462
9.9752240181
10.6390881538
12.6006071568
14.0835528374
17.4013538361
12.2941761017
14.8717260361
16.8653788567
18.2111320496
14.9180908203
22.8252198696
9.65379905701
7.59259200096
9.8996720314
10.6252119541
21.7780179977
18.6667220592
12.3257319927
15.295498848
12.1676399708
12.4488940239
14.6421251297
26.0395150185
20.2830369473
13.8829979897
18.799382925
15.7198450565
11.9097230434
11.7668771744
16.8814008236
9.51647996902
9.61951589584
9.41190099716
11.1120359898
11.5292780399
12.2777678967
12.4463601112
13.6157431602
12.5629060268
11.1412029266
10.9593119621
10.3795120716
10.7782690525
12.7049109936
10.2913210392
12.2719140053
9.75770401955
9.4498000145
20.5475039482
12.3152890205
14.8827078342
13.6712379456
11.8537969589
10.9803578854
9.62254309654
13.2284500599
16.4622540474
13.662060976
15.3154649734
9.98538613319
20.3894231319
12.8895261288
12.8083879948
10.6221189499
10.8832559586
10.5629048347
12.4904310703
20.4631679058
12.3370540142
10.4616179466
10.490678072
11.4077949524
14.2312390804
11.362694025
16.6691908836
10.5021960735
14.4265348911
17.699655056
11.9594759941
11.0027098656
20.0753500462
10.9136388302
17.1896669865
16.1406719685
13.7328808308
11.51014781
9.52073097229
12.0938570499
12.4589948654
15.7986159325
13.1094920635
15.6317090988
18.1872458458
9.44496583939
12.0797121525
13.1477949619
11.4688079357
10.5339610577
17.5786039829
11.0094161034
15.063585043
13.0633180141
12.5210690498
10.5130679607
11.8425321579
12.376830101
16.6651129723
14.9753599167
18.1730670929
11.5329298973
14.783782959
11.6710379124
9.88274717331
10.7095429897
12.9247350693
11.2829639912
18.6054179668
11.4816789627
12.2176311016
11.5978159904
9.24461317062
12.5053589344
13.3371641636
13.7935180664
18.3012681007
13.3220860958
16.0077238083
13.4533340931
11.8975291252
13.6330699921
13.7373762131
13.7882201672
15.2981350422
12.5997881889
8.56739091873
10.7922749519
13.3386368752
10.5881788731
10.0624079704
10.0594820976
10.292263031
12.2100160122
7.90064501762
10.4595010281
7.9846470356
12.1693100929
9.17530584335
10.2563669682
17.2118589878
10.4204950333
12.5088529587
18.7595911026
19.9804730415
8.18056797981
