Experiment Results
201.559203148
293.451696157
294.024919987
293.87579608
294.011680841
197.971935987
271.389478922
279.305969
293.574635029
223.780109882
220.211915016
220.389477968
220.286906958
293.550277948
275.355839968
220.177420855
220.270220995
198.419504881
212.834733009
213.126822233
260.517690182
220.438282013
220.127922058
234.727982998
268.063490868
220.070936918
194.69344902
198.401957989
220.188775063
220.400533915
293.88461113
198.434329033
198.156069994
220.272545099
222.427585125
219.99138093
205.782334089
198.22774601
294.024615049
194.522712946
220.307171106
220.213728905
194.558621883
201.815284967
227.697380066
220.114475012
198.152178049
220.130207062
253.671059132
242.29293704
220.384717941
198.524141073
220.291231871
234.897335052
271.784689903
220.170135975
235.09326005
173.553538084
198.135879993
198.220655918
220.18048501
198.176134109
293.941021919
220.553726912
221.556940079
227.635786057
198.198807955
220.392646074
198.620831013
224.52164793
293.822441101
294.446408033
293.576323032
238.874472141
220.188597918
294.332627058
198.307796955
201.901587009
220.104844093
205.729458094
220.189182997
220.283775806
260.46279192
220.21983099
198.40179491
220.080694914
220.170914888
257.184930086
220.337445021
279.127475977
198.329249859
257.05388093
197.940232992
198.105609894
293.932994127
220.076669931
194.762060881
286.183363914
249.695566893
220.599527121
198.261503935
293.728590012
294.084553003
293.427612066
293.915636063
198.194036007
271.616185904
278.899672031
293.79678297
223.860129118
220.205775976
220.49281311
221.029408932
294.214079857
275.574174881
220.449224949
220.42523694
198.238543987
212.826076984
212.598470211
260.798213005
220.379305124
220.502336979
234.872797012
268.077719927
220.124395132
194.481213093
198.294447899
220.493324995
220.030721903
293.910997868
198.130805016
198.09799099
220.110440969
220.323125124
220.37374115
205.594347
198.153630972
293.6554389
194.448670864
220.436555147
220.594512939
194.955546141
202.074149847
227.631525993
220.620712996
198.266916037
220.81551981
253.382983923
242.387649775
220.531882048
198.35195899
220.487596989
235.227379084
271.562828064
220.020349026
235.190207958
173.337673903
198.173853159
198.269019127
220.197351933
198.375230074
293.354039907
220.242683887
220.174417019
227.799627066
198.390300989
219.879642963
198.475502968
223.899563074
294.031813145
293.705285072
293.774739027
238.584415913
220.569774151
294.031322956
198.148440123
201.703971148
220.20896101
205.562978029
220.2986238
220.480923891
260.445702076
220.549998045
198.498631001
220.183800936
220.207415819
256.890563011
220.198287964
278.999083042
197.892734051
257.22356391
198.239248991
198.577322006
293.651315928
220.385662794
194.878690004
286.714363813
249.504291058
220.477224827
198.081692934
293.756698847
293.97183013
293.773749113
294.506492853
198.191966057
272.087135792
279.025141001
293.757771015
223.958364964
220.47898984
220.333991051
220.264587879
294.226047993
275.626435995
220.135868788
220.032800913
198.261672974
213.216669083
212.698424101
260.896493912
220.15812993
220.064472914
234.916089058
267.802067995
220.387120008
194.571239948
198.393063068
220.099729061
220.42611599
293.829632044
198.093814135
198.531422138
220.281317949
220.487857103
220.691657782
205.608633995
198.374855042
293.940482855
194.545614004
220.308494806
220.003215075
194.59086895
202.281888962
227.802707911
220.099664927
198.177801847
220.191938877
253.609698057
242.409749031
220.084007025
198.227086067
220.257514
234.863978863
271.888514996
220.352277994
234.699139118
173.388108969
198.217528105
198.076370001
220.304975033
198.071688175
293.938174963
220.271471977
220.262053967
227.533119917
198.487390995
220.263436079
198.26531291
224.00199604
293.762091875
293.688024044
294.087582827
238.496624947
220.071877003
294.017314911
198.235608101
201.914813995
220.691898108
205.385996103
220.504194021
220.615282059
260.482191086
220.23068285
198.249503136
220.189093113
220.378611088
257.117616892
220.297058821
279.38304019
198.189023972
256.814865828
198.552633047
198.238892078
293.990839005
220.28125906
194.334868908
286.206853867
249.68527317
220.575958014
197.984675169
294.126928091
293.856814861
293.81929183
293.604701996
198.452839851
271.81880188
278.981766939
293.794224024
223.916538
220.476743937
220.37249589
220.311449051
293.49398303
275.29052186
220.165529966
220.238620996
198.553932905
212.904992104
212.677340031
260.720376968
220.493841887
219.986486912
234.89435792
268.101747036
220.250972986
194.596478939
198.322195053
220.302628994
220.275121927
293.637099981
198.476614952
197.959519148
220.110199928
220.369939089
220.214263201
205.591675043
198.457060099
293.775014162
194.634684086
220.215044975
220.100240946
194.677452803
201.996454
227.914825916
220.236743927
198.234270096
220.304877043
253.232728958
242.761392117
220.106942177
198.663465023
220.302096128
234.617657185
271.720009804
220.141229868
234.806305885
173.28322196
198.079243898
198.274184942
220.227788925
198.375824928
293.838366032
220.355127811
220.610092163
227.578064919
198.295454979
220.082484961
198.608995914
223.918261051
293.909246206
293.789096117
293.678933144
238.475562811
220.232567072
293.920145035
198.318232775
201.992604971
220.221518993
205.875319958
220.184913874
220.1819911
260.807675123
220.099884033
198.464267015
220.414734125
220.03243494
257.150558949
220.18506217
278.72895503
198.229059935
257.026646137
198.465827942
198.219285011
293.629616022
220.053570032
194.870764017
286.516608953
249.417421818
220.184157848
198.085474014
293.80785203
293.822982073
293.580854893
293.772325039
198.162288904
271.569904089
279.361166954
293.403206825
224.028249979
220.227911949
220.18277812
220.094960928
293.533058882
275.377882004
220.269011974
220.265568972
198.525447845
212.968081951
213.363131046
260.757453203
220.414262056
220.297713041
235.025631189
268.39535284
220.11998415
194.674629927
197.991481066
220.387984991
220.334916115
293.929497004
198.121755838
198.193969965
220.452207804
220.169235945
220.165826082
205.546794176
198.329880953
294.250577927
194.445472956
219.927871943
220.079509974
194.841472864
203.623397112
227.42049098
221.23625803
198.276552916
220.403725147
253.598126173
242.274055004
220.204349995
198.378865004
220.214770079
235.804517984
271.793298006
220.38758707
236.553942919
173.469832182
198.499465942
197.879800081
220.413512945
201.174727201
298.97974515
223.041124821
222.803555965
232.187976122
202.577661991
222.938911915
200.046324968
226.117347002
296.108492851
296.893905878
296.21488595
240.552143097
221.695297956
296.318634033
198.905254126
204.899514198
222.019453049
205.976161003
220.700218916
220.899280071
262.683339119
220.700230122
199.288828135
221.81309104
221.272893906
258.058604002
220.380285978
279.511020184
198.466663837
257.724207163
198.760989904
198.509212971
295.932754993
220.164853096
194.874061823
286.524648905
250.559689999
220.1810112
198.463534117
294.65575099
294.270228148
294.379397154
294.720147133
198.454290867
272.716528177
279.776509047
295.505074978
223.883641005
220.201903105
220.083276033
220.384243011
294.726653099
275.794004917
220.607820988
220.142665148
198.23304081
213.06408906
212.916800976
260.799966097
220.27483201
220.081276894
235.499119997
270.309489012
220.15507102
194.799510002
199.126340151
220.378112078
221.09108901
294.427185059
198.245400906
198.666551113
220.74967885
221.767733097
222.329530001
206.94589901
200.883080006
295.253658056
195.440505028
223.222115993
220.384748936
196.999758005
202.790493011
228.15455389
220.236168861
198.389912128
221.486838102
253.813877106
242.660512924
220.691509008
199.282718182
220.296367884
237.550455093
274.49074316
220.672755957
237.672657013
175.079173088
198.408630133
198.167890787
222.035396814
200.169929981
293.825764894
220.279505968
220.975790024
229.683390141
199.400182962
220.800127983
198.290991783
223.899267912
293.815135002
294.216347933
293.581488848
239.906276941
220.456513166
295.321793079
199.159868002
202.082064152
220.336901903
205.954552889
220.128502131
221.164114952
261.011717081
220.47377491
198.421139002
222.371568203
221.196218967
257.02013588
220.164263964
279.598649025
198.691940069
257.034715891
200.033115864
198.309326887
294.26612401
220.235427141
194.436747074
286.559318066
250.361222982
220.403229237
