Experiment Results
15.3178949356
11.3869891167
11.6039760113
11.3126130104
11.2350218296
11.1009190083
11.4136562347
11.037364006
11.1463618279
11.0213079453
11.1512331963
11.2368400097
11.3073198795
11.1052639484
11.0829751492
11.1481950283
11.8452110291
11.2235839367
11.4627149105
11.019826889
11.2229270935
11.1979250908
11.0500421524
11.3388719559
11.4875879288
11.042194128
11.0088648796
11.1763241291
11.4201021194
11.0689599514
11.7235300541
11.1820418835
10.9635429382
10.9714250565
11.0025200844
11.0698568821
10.8408551216
11.1218760014
10.9665260315
11.3205740452
11.0420660973
11.0910689831
11.4983239174
10.9822809696
10.97093606
11.1918680668
10.7366609573
11.406676054
10.8980569839
10.9894070625
11.2008168697
11.0868988037
10.8716311455
10.9666149616
10.9125561714
11.0324749947
10.6874890327
11.3254051208
10.8621959686
10.883523941
10.9491388798
12.4188730717
10.9266560078
11.0350260735
11.0567901134
12.305314064
10.9172518253
11.3842329979
11.0395820141
10.8985359669
11.25111413
10.8291721344
10.9028499126
10.8776350021
11.2201149464
11.4116549492
11.057311058
11.1341199875
12.1378488541
11.1761109829
11.103055954
10.8209900856
10.9212210178
10.920279026
11.1027710438
11.2254321575
10.9007160664
12.0840070248
10.7465949059
11.0615689754
10.7796170712
11.1179461479
10.9350450039
11.0449740887
10.8920249939
11.1522498131
12.1605591774
10.9733262062
10.8446638584
11.1857879162
11.3404929638
11.755161047
11.9017958641
11.2339799404
11.2570829391
11.7184510231
11.1954910755
12.2301418781
10.8652029037
11.3189167976
11.1242740154
11.8028478622
11.2087440491
11.2659199238
11.1806600094
10.968640089
11.3067579269
11.3227241039
10.9641559124
10.9675478935
11.361451149
10.951305151
11.3198740482
11.11282897
12.4714229107
11.1041038036
11.0534870625
11.0028290749
11.1638870239
11.3938801289
10.9068288803
11.552628994
11.0619359016
11.1788380146
11.4254190922
10.8140461445
11.024818182
11.0144889355
11.097356081
10.9302921295
11.5187239647
10.9848890305
11.4447798729
10.9965701103
11.4190340042
11.5214271545
11.6589529514
10.9873018265
11.5611081123
10.9863359928
11.1830301285
10.9214839935
11.2103159428
11.5818338394
11.2385001183
10.7786040306
11.3424401283
10.7482647896
11.3767659664
10.884401083
11.2949650288
10.9903380871
11.0420429707
11.055907011
10.6678779125
11.0588459969
11.1771349907
10.9044249058
11.1410570145
10.8033850193
10.7786650658
10.9794960022
10.8415849209
10.9290971756
10.8350961208
11.2211220264
11.0133879185
11.5788049698
10.8902211189
11.0860300064
10.9729821682
11.0160109997
11.0749781132
10.9347350597
11.3026878834
10.9438078403
11.0767829418
11.0061759949
10.9477860928
10.9958369732
10.9255578518
11.0210540295
11.1073899269
10.7224988937
10.9640109539
11.3016300201
10.8345789909
11.2513179779
10.7718570232
11.7423110008
11.3639349937
11.1433069706
11.6923520565
11.124078989
11.6571381092
10.8877208233
11.1223990917
12.7918519974
11.0098128319
11.0290181637
11.245153904
11.3324968815
11.4395987988
10.9178988934
10.9739408493
11.3671369553
11.2482671738
11.700330019
11.1441810131
11.2782111168
11.3994059563
11.125328064
11.0265030861
12.2056109905
11.2054839134
11.1130280495
11.2030649185
11.8297309875
10.9762909412
11.4218740463
10.9734361172
11.115090847
11.0184800625
11.5826320648
11.2743439674
10.9168829918
11.6050539017
10.8317861557
10.9609730244
11.0979120731
12.3036150932
11.0771598816
11.0070030689
11.1304130554
10.9213168621
11.5648179054
10.9045510292
11.2317919731
10.998114109
11.1714758873
11.0406930447
10.9182429314
11.1076641083
10.8023879528
10.7548108101
11.1544380188
10.9544751644
10.9448640347
11.1267859936
10.8837869167
10.8803050518
10.9566500187
10.920732975
11.7597270012
11.1163899899
11.0238862038
11.0996301174
10.8843159676
10.993418932
10.9394659996
10.9939889908
12.31508708
11.2179899216
11.1194732189
10.7594060898
11.2884960175
10.9159679413
10.7888319492
10.9732990265
10.9887869358
11.1379768848
11.0254118443
11.1843049526
10.9768018723
11.0424041748
11.1210160255
11.4732611179
10.7006530762
11.5228660107
10.9099340439
10.8599359989
11.2153041363
10.9590289593
11.2332289219
10.9170591831
10.9021639824
10.7649509907
11.0288209915
11.2420070171
10.856803894
11.6318538189
12.3343920708
11.6216440201
11.1668701172
11.2666370869
10.8694729805
11.4631948471
11.1234970093
11.0894739628
11.4068651199
11.3986401558
10.9247620106
11.4984080791
11.1467130184
10.9032690525
11.328950882
11.0754730701
12.2138710022
11.107970953
11.0174181461
11.0998179913
11.2596490383
11.4435269833
11.1340179443
11.5771918297
10.9645438194
11.1810791492
11.4876410961
11.138176918
11.365457058
11.3357481956
11.0171999931
11.2013471127
10.863022089
11.1481370926
11.1678521633
11.3230521679
11.0005738735
10.9246709347
10.9691038132
11.2364721298
11.0468709469
11.0449409485
10.954955101
11.1175141335
10.9809780121
11.2712211609
10.7629919052
11.6027059555
11.0173561573
10.9119989872
10.9702489376
10.873898983
10.815363884
10.9133901596
11.2164421082
11.2247569561
10.9661388397
11.1206409931
10.8784050941
10.9860169888
11.0094070435
10.7902419567
11.7486009598
10.8782570362
10.9496240616
11.0854079723
10.8731100559
11.162954092
10.8102881908
11.0007681847
10.9134750366
10.8540599346
11.0891661644
11.0677409172
11.620028019
11.0562558174
10.8092010021
11.010078907
11.0650789738
10.7846591473
11.007735014
12.9172530174
10.9675347805
10.8939871788
10.9546198845
11.0283520222
11.1822860241
10.9572901726
10.8306040764
10.8504071236
11.0309247971
10.8752288818
11.1094930172
10.8894648552
11.4572060108
10.5797438622
10.6623830795
10.9242370129
10.8366930485
12.0078558922
11.3581321239
11.5291721821
11.9464771748
11.2231388092
11.1720547676
10.9515089989
11.0686450005
11.4755370617
11.2942650318
10.86206007
10.8041579723
11.3328690529
10.9031879902
10.9637789726
11.2135839462
11.1250510216
11.3346099854
11.2771558762
11.1659629345
11.4688148499
11.0148079395
11.0328178406
11.2793490887
11.1338710785
11.5282800198
11.0308160782
11.0356581211
10.9271879196
11.7598929405
10.9717390537
11.9636399746
10.9641718864
10.8522241116
10.9903309345
10.9845590591
10.9078810215
11.0314619541
10.9324810505
11.0885601044
11.17030406
11.434885025
11.1332001686
10.9127538204
11.5834050179
11.07634902
10.9603321552
11.2133440971
10.7711019516
11.0433402061
10.903126955
13.9675960541
11.1625139713
12.2729740143
11.7387320995
11.0202629566
10.9041380882
10.9953341484
15.5635869503
11.4935190678
10.8607900143
17.422315836
11.5088829994
11.5087511539
11.6625819206
23.9283587933
11.0241920948
11.3229210377
10.9996221066
11.2320070267
10.8809320927
11.3816959858
11.05509305
10.879322052
11.4916620255
11.0238959789
11.0177371502
10.8383140564
10.9898891449
10.8379778862
11.227684021
10.7397818565
11.9439599514
10.8934149742
10.9694900513
10.9104208946
11.2628340721
10.9979629517
10.9260880947
12.0470402241
13.1703929901
11.1338739395
10.9097728729
11.5592200756
11.0929579735
10.821089983
11.2284729481
11.0598700047
11.4495780468
10.9734511375
11.4256939888
11.3327138424
11.5081250668
11.3401010036
12.5729839802
10.9017198086
11.2728300095
11.1286568642
10.9955730438
11.2143340111
11.1038041115
11.0467660427
11.1168649197
11.1977660656
11.3322451115
11.1747939587
11.0375640392
11.05626297
11.1007359028
11.0876610279
10.8917560577
11.1694409847
10.9815831184
12.5159590244
11.2763090134
10.977946043
11.0534191132
11.1412398815
10.9392910004
10.9448530674
10.9794771671
10.9215428829
10.9708302021
11.2035090923
11.0073409081
10.9915509224
10.9848709106
10.6997089386
19.3944840431
13.6833350658
14.0283410549
11.4430081844
11.2217731476
12.0784499645
12.9591178894
11.5527360439
13.4410858154
11.8451368809
11.0080308914
10.954985857
11.0401320457
11.0856568813
11.1805970669
11.0373601913
11.7777020931
10.947619915
12.0797138214
11.3232369423
10.8308830261
11.0425190926
10.921487093
11.0796079636
11.8815090656
11.1435570717
17.7131741047
11.1065089703
21.1733388901
13.3114168644
11.4047529697
11.0144741535
12.572466135
10.9338099957
11.2919068336
11.0505759716
11.425093174
12.8060569763
13.788777113
11.5592520237
11.7818989754
19.8406200409
11.4985070229
11.2362720966
11.3681299686
11.7630119324
11.3945000172
11.4291200638
10.8007640839
11.3802120686
11.4903950691
11.1551339626
11.8717730045
10.9701228142
11.0135090351
10.9067771435
10.8028249741
10.933093071
10.7847471237
12.1764941216
10.7562317848
11.0602622032
