Experiment Results
10.6707289219
13.5696241856
14.2302069664
14.1704800129
12.3881380558
8.51295495033
13.8227441311
14.3427650928
12.2136271
9.55140089989
12.1901111603
11.6109490395
10.2586009502
13.210351944
12.5234518051
10.2429070473
11.7847130299
11.3376698494
11.4070489407
11.377532959
13.7271060944
9.52362990379
12.2061769962
12.8131058216
13.9413208961
12.2169628143
10.7904260159
9.54435110092
11.6704199314
12.176099062
15.2358500957
8.58167695999
10.6918139458
11.7695710659
12.2212619781
11.5823209286
10.8457818031
11.0500161648
14.403290987
9.15433502197
9.20342516899
12.1841480732
10.2972390652
9.17733693123
11.7416760921
12.2548069954
11.1835818291
11.9831600189
13.4573829174
13.3770499229
12.6149559021
9.61480116844
10.9491279125
13.5123620033
14.0279939175
12.239538908
12.7292699814
9.84984993935
10.8667240143
11.0473508835
11.5684220791
8.8513109684
15.292760849
12.4429647923
12.3036971092
9.62996196747
9.97255206108
11.8879320621
11.2114150524
10.1115100384
15.0011398792
15.5133180618
15.0636770725
12.6484332085
11.8641979694
15.0941040516
9.26706504822
10.0072321892
11.9719250202
9.41356301308
11.4613950253
12.1050770283
13.4322309494
11.8745951653
11.5848488808
10.4647819996
11.9441211224
13.2581119537
10.6684370041
14.3664801121
11.1069159508
14.0977070332
11.0360240936
10.9865109921
14.964974165
11.7539901733
10.8372819424
13.0841178894
13.3460679054
10.7800030708
10.6970930099
15.27394104
14.168296814
14.5038900375
15.4611470699
11.4887490273
13.2999260426
14.6849050522
15.638076067
12.2130949497
12.1944589615
12.1560781002
12.4390690327
15.020029068
14.1408209801
12.4244978428
12.6811649799
10.5057740211
12.2947309017
12.3617119789
13.7383160591
12.1652071476
10.7077560425
13.0188159943
14.0682380199
9.89349198341
9.37763905525
10.9184389114
11.6515450478
12.4581980705
14.7671239376
7.978910923
10.7021450996
12.0159158707
12.4982140064
11.6783509254
11.6422901154
11.3460490704
15.0207459927
10.6917011738
12.2825679779
12.1715908051
10.1130328178
10.853292942
12.4360830784
11.3159599304
11.2846031189
9.17239499092
12.8120260239
13.0612928867
12.311164856
9.26813697815
12.4090800285
12.5353491306
14.4711298943
11.0629868507
10.6745929718
10.5567247868
11.1040811539
11.7747161388
12.3653509617
11.6292860508
15.219078064
10.2258970737
12.0263960361
12.0532197952
11.453895092
12.4866201878
10.7966320515
12.1912720203
15.1370129585
14.7848789692
15.0934901237
11.7662198544
10.1674520969
15.8527238369
11.7496628761
11.8066949844
10.1830861568
12.011868
11.7968199253
11.9663729668
13.6447470188
12.5706589222
11.2435510159
11.2115209103
12.0174708366
13.7273640633
11.719399929
14.7457880974
11.4132421017
13.7734098434
11.3746170998
11.40756917
15.4296848774
11.7828350067
10.5373301506
14.6888570786
13.7753939629
12.6144058704
11.4895191193
15.2733519077
13.3004448414
15.3084001541
15.2661809921
11.5472068787
12.1497628689
14.9588880539
13.9327690601
12.2129468918
11.5293829441
12.3324079514
11.9494159222
15.8185789585
15.2706677914
11.373085022
12.1120629311
11.6329860687
11.5651750565
11.1018359661
13.7967698574
11.4622621536
12.328701973
10.284744978
14.0714178085
11.1130039692
10.8778469563
11.1926579475
12.394288063
12.3104329109
13.2264008522
10.9264981747
11.1206419468
12.5402140617
12.4632461071
10.3727681637
10.0193629265
11.3651299477
15.1392347813
9.75415897369
12.0021231174
11.9304699898
10.8296909332
11.7317321301
11.6005871296
12.3808479309
11.0153541565
11.8756370544
14.1089179516
11.4292490482
12.6510210037
10.8759322166
11.813049078
13.0847389698
14.756788969
12.3127198219
13.1961388588
10.5927810669
11.0873801708
11.6145620346
11.2830369473
11.3272709846
14.6153869629
11.8585870266
12.8676609993
12.3436799049
10.9592950344
12.0109019279
9.69088792801
11.6884839535
13.9385530949
15.5191118717
12.284099102
11.759914875
11.5309538841
13.6751930714
11.4753699303
10.8814470768
11.9077289104
9.44983386993
11.8647089005
12.5693371296
13.8293459415
12.2202830315
10.7511081696
11.853716135
12.6887030602
13.3488600254
12.4505300522
15.0086429119
11.0898330212
13.6920239925
11.9785101414
10.2997400761
15.1659078598
11.7097079754
11.0982630253
14.8566708565
13.3877341747
12.3363230228
10.4160590172
15.413738966
15.5044169426
15.4734449387
14.7195551395
11.4636640549
14.2047579288
15.3750619888
15.5104238987
12.2601261139
13.1992948055
12.2906019688
12.4931969643
15.3858509064
14.3097820282
12.2008109093
12.8930380344
10.6742079258
12.3772771358
12.348662138
15.0764911175
18.9383718967
14.1598260403
13.3001279831
17.5128288269
10.5122468472
8.37761497498
11.5618929863
10.7874510288
14.0175991058
17.7311971188
15.742618084
12.0606198311
9.47379803658
11.1520659924
10.7895750999
11.9154269695
14.6403410435
15.8931040764
11.4699850082
12.3760390282
11.8797118664
10.332901001
11.5481038094
13.0031838417
14.2855229378
11.1099030972
12.0681331158
15.0534579754
13.0933330059
12.7376520634
16.4450368881
13.5480728149
16.1050560474
16.9643251896
15.3185100555
13.3122358322
10.0718660355
11.8288960457
12.9586889744
12.315901041
11.1870279312
15.3241641521
11.3570458889
12.2225749493
10.7282631397
11.1593291759
12.4902751446
9.55323815346
12.8610320091
15.0249269009
15.1822059155
15.7714400291
12.0039331913
12.6450548172
15.0226781368
11.2478029728
11.0501229763
11.8863368034
9.37789297104
12.1772978306
9.30683612823
14.4338879585
12.536839962
11.3165569305
12.0890419483
10.6181042194
13.4117641449
9.19363999367
16.1038239002
11.7581510544
19.5815389156
11.7076420784
17.0940160751
27.4342710972
11.6506559849
10.3093278408
14.3535628319
14.069122076
12.247262001
10.7760519981
29.3661470413
17.5876500607
14.671984911
15.3996560574
11.3881628513
14.6564941406
22.0055770874
13.956207037
12.3079798222
12.4053969383
14.4729669094
22.5188539028
14.5744509697
21.8137390614
12.2586100101
14.8754179478
17.7710909843
16.86282897
12.254240036
14.6650488377
9.73403191566
12.5659790039
12.8009431362
13.6122558117
12.4272449017
11.1092250347
12.2698090076
11.7468059063
11.5567917824
15.4286620617
11.660984993
11.1859810352
12.3968760967
13.0227620602
11.5843038559
11.5914440155
10.8806979656
15.5542721748
10.714015007
11.5338368416
10.455548048
9.08464312553
9.79710412025
12.8105781078
12.6082069874
11.4708070755
11.9162950516
13.2047989368
13.2751839161
12.4023270607
10.7542619705
11.6908299923
13.6749551296
14.7001209259
10.5474898815
12.9739210606
10.3861100674
11.1956999302
8.44321012497
21.6048340797
18.353520155
21.4490280151
10.88007617
12.0514788628
12.8773570061
10.6014070511
9.25934791565
15.5786540508
15.543145895
15.0715720654
15.2840051651
19.315322876
13.7316131592
17.6413900852
15.1913559437
11.1698300838
12.0352962017
12.6347241402
11.1899149418
12.7232720852
11.376541853
13.7440910339
12.1232600212
12.4045748711
9.46464395523
11.9455718994
12.9153819084
11.9599659443
13.0421199799
11.1112589836
12.9325759411
13.0709841251
11.4355010986
15.2067689896
11.6862540245
10.5489768982
14.5378987789
19.0494539738
12.1394808292
14.0715148449
15.156195879
20.6214060783
15.0866801739
15.1754219532
11.341917038
14.1140389442
14.8631608486
16.7639248371
11.8141889572
10.8150589466
12.2429389954
10.7164001465
15.0906248093
20.1741471291
12.2156999111
10.3182749748
11.3280079365
11.7592101097
11.4149270058
12.1787397861
12.4608721733
11.520786047
12.3168270588
14.3016369343
11.3346941471
10.9708349705
8.94278001785
12.4017620087
11.7640619278
15.0567009449
12.0232958794
13.4402909279
16.7560241222
18.6138660908
16.6919178963
12.6233038902
14.1408839226
23.9819378853
10.8262410164
12.1130349636
12.6788489819
8.18280076981
10.4334440231
13.0494110584
12.0010900497
10.2520000935
9.15497612953
12.7440330982
17.8549180031
12.7297961712
10.0577940941
11.4957249165
14.6100420952
12.8220767975
11.8180789948
13.527987957
9.278195858
12.2780740261
10.9250128269
10.0425341129
11.6701009274
15.2510459423
12.2937200069
11.6035120487
11.5127799511
12.4851379395
11.5297880173
10.5416841507
12.42146492
14.2124481201
15.7942340374
14.9140818119
12.4832260609
15.7267849445
27.7929210663
12.0654881001
10.9739830494
11.4156279564
10.7726609707
11.3864688873
9.88298106194
15.9205288887
12.9660799503
10.227866888
12.2200798988
12.5673151016
17.8983170986
13.2536380291
15.3406949043
13.374270916
13.6345479488
11.0410180092
10.8922078609
23.8542280197
12.5259609222
11.8927299976
14.526651144
15.3323190212
11.4244360924
