Experiment Results
19.5873730183
19.8699688911
18.7327930927
19.6236951351
20.4548270702
20.731456995
20.5981991291
20.9130818844
19.3342978954
20.3736100197
18.8985478878
19.4087910652
19.6180970669
20.1541278362
19.9801590443
19.5112900734
19.1187331676
19.6465141773
19.5675868988
19.9952559471
19.8585479259
19.6569991112
19.9091780186
19.5227301121
19.4464070797
20.6283760071
19.7905030251
19.9811038971
19.7547121048
19.6395421028
19.3975939751
20.2659900188
19.8034310341
20.1651859283
19.2387859821
20.0382230282
19.6987020969
20.6592750549
20.1949081421
19.6336750984
20.0108001232
20.6717729568
19.367566824
19.776239872
18.1772019863
21.3770861626
20.0319750309
19.5991868973
18.7585740089
19.6829960346
19.5378229618
19.1764130592
18.2861139774
18.7385029793
19.107198
19.076830864
18.9397830963
19.3741731644
20.2037501335
20.2813591957
19.6923680305
18.1199660301
20.0514631271
18.107145071
18.9415168762
17.9555139542
18.9119448662
20.5580592155
18.959225893
19.2828829288
17.9953210354
19.1976981163
20.1742589474
20.4110438824
17.6073491573
19.4489321709
19.5341980457
19.0856001377
19.1632130146
20.8757030964
20.4209170341
17.5742361546
20.242413044
19.0736200809
17.4542210102
20.0214560032
17.9163029194
19.9449911118
17.6004629135
19.2008988857
20.1857171059
20.1526730061
20.8167049885
19.9752709866
19.643130064
20.0591540337
20.1644940376
19.7240700722
20.9351789951
19.6148369312
20.3972890377
20.0742080212
20.4445769787
19.7277238369
18.720772028
20.225069046
20.1454460621
19.8884170055
19.3809690475
19.5785200596
20.3007278442
20.5164251328
20.1400229931
20.3765141964
20.2978749275
20.8787469864
19.9667990208
19.3736810684
19.6532709599
19.9830391407
20.0646550655
19.9828031063
19.9797110558
18.1219930649
19.7660758495
19.6790440083
19.8131458759
19.6276118755
18.948444128
18.5247092247
17.6163010597
19.0742368698
18.8497669697
19.3466260433
20.2589070797
19.0569469929
18.8727328777
19.3894498348
19.5381691456
18.9849059582
19.5583069324
19.1892650127
19.3775260448
19.579308033
19.2737100124
19.6703648567
18.9530060291
18.8944180012
19.7945539951
18.0502829552
19.8543899059
20.1037449837
19.3000319004
19.5786271095
19.141559124
19.8878600597
18.9204170704
19.5616807938
19.3850119114
19.1839230061
20.5571570396
19.1720969677
19.9431180954
19.3909130096
20.2665960789
19.1543431282
19.126406908
19.9434938431
18.7844040394
19.660597086
19.7063519955
18.8709130287
19.1632320881
19.8257081509
18.6912059784
19.9310991764
19.2114531994
19.4881410599
19.2768950462
19.745057106
19.4848220348
19.8914709091
18.7295939922
20.0936999321
19.3443808556
19.9958658218
20.0523169041
18.4414269924
19.8269000053
19.7085459232
18.9814660549
17.8539218903
20.0574989319
19.1642198563
19.8737370968
20.0417490005
20.0583250523
19.697439909
19.665446043
19.5892047882
19.785118103
19.749683857
20.0893349648
17.9867508411
17.8135671616
19.4961891174
19.7174510956
18.9326341152
19.5416910648
19.4167630672
19.5486929417
19.2886400223
19.3736870289
19.9892508984
19.6832361221
17.9900271893
20.6114280224
19.000674963
19.1201779842
19.7133021355
18.4542849064
18.3059020042
19.7517271042
20.5775899887
19.9630010128
18.9017601013
19.6826319695
18.706056118
19.4492509365
18.3977880478
18.8401618004
20.2933819294
19.6033689976
19.9433529377
19.6814141273
19.773679018
20.0765969753
19.7558999062
18.8740539551
19.8214931488
18.9067420959
20.3724880219
20.6820991039
18.5954039097
17.9831111431
19.7875339985
19.4980499744
19.459900856
20.1110348701
20.4277369976
20.1307768822
20.5337841511
19.4499161243
19.9283339977
20.3744678497
19.6050632
19.9324212074
20.6274909973
19.7145130634
19.5686721802
19.4807178974
17.4679639339
19.7308599949
19.5841460228
19.6494660378
19.4603900909
19.8758621216
19.8974769115
19.8371839523
19.7993769646
19.5565400124
19.5861599445
19.8930690289
19.739536047
19.866093874
19.5523319244
19.2011580467
19.563010931
17.9035630226
19.6150949001
19.7247378826
19.4958200455
17.77602005
19.5128250122
19.1462919712
19.4589838982
19.6728029251
19.3977751732
19.0734009743
18.9728901386
18.4954180717
19.2896440029
19.32725811
19.7643151283
19.9573819637
18.301992178
18.8817088604
19.4350538254
19.7077271938
19.3786439896
19.9986209869
19.5154399872
19.5539779663
19.383867979
19.3738811016
19.2074000835
19.8274328709
20.2961089611
19.8034620285
19.2359859943
18.9565491676
17.4517931938
18.8651509285
17.8523800373
19.3913948536
19.9452807903
19.4736909866
20.2794630527
19.8747138977
19.3510739803
19.9944710732
19.1471948624
20.296049118
18.9769058228
19.5504901409
20.1564240456
18.9072468281
19.0827400684
19.6209139824
19.7057240009
20.1971569061
19.6372151375
19.3188490868
19.2882158756
19.4725999832
19.6276760101
19.0922839642
19.7644970417
19.4582822323
19.2728159428
18.8025348186
20.2390110493
19.4847290516
18.1555328369
19.9450879097
19.1115400791
19.3593728542
19.5596840382
19.7433860302
19.7731330395
18.63438797
18.378704071
18.4180159569
20.0221309662
19.2595751286
18.3063378334
19.2048261166
18.7054700851
19.2499229908
19.7879269123
19.752532959
19.6764359474
19.7761111259
19.8405900002
18.4580271244
18.0213549137
19.8254671097
19.591643095
20.0384891033
20.0880899429
19.9339408875
19.2671310902
19.4905481339
20.0027198792
18.8355920315
18.2017650604
18.8105390072
20.0162191391
19.931994915
19.9871459007
19.5546400547
19.5663318634
19.8827841282
21.1503820419
17.9394159317
21.2427179813
19.9973869324
19.6113219261
20.2566699982
20.3449730873
18.7035517693
18.2063100338
18.8022100925
18.528219223
17.8113119602
19.5280418396
19.9185481071
19.9054100513
19.0838069916
19.3846428394
19.7839460373
19.7465560436
18.5516300201
18.9895219803
19.527889967
19.0920679569
18.439893961
18.0879380703
18.9570169449
20.3730051517
19.8439688683
19.9828839302
19.6758699417
19.6083548069
20.0250928402
20.1220989227
19.661700964
19.5926420689
19.7241601944
19.8937392235
20.492262125
19.246213913
20.2415161133
19.3864998817
20.0805671215
17.8890039921
20.277053833
19.634125948
19.5223278999
19.0256130695
19.59516716
20.6868569851
19.8615219593
20.5719351768
19.2869429588
19.5906960964
20.238325119
19.2992539406
19.9302289486
19.9812960625
19.8891119957
18.1561770439
19.4722259045
20.812638998
19.1135861874
19.6440191269
19.6144781113
19.6804180145
19.2686161995
19.9737420082
20.1368529797
19.8344969749
20.1505270004
19.8044710159
20.3462841511
20.145581007
19.822578907
19.4833681583
19.2500588894
19.1429238319
18.044793129
20.2348132133
19.5528941154
19.2703211308
19.8602631092
19.7705140114
20.1211252213
20.3892469406
19.8357388973
18.5065200329
17.8110771179
19.3983881474
19.8630449772
20.1610109806
19.703471899
19.7973968983
19.6106200218
19.352643013
19.6580579281
20.0307810307
19.2757248878
19.2769970894
19.2619998455
19.4858238697
19.8248209953
19.592361927
19.6947689056
19.2033829689
18.970208168
17.9803159237
19.4757289886
20.0502011776
20.0775840282
18.869615078
19.4107670784
20.140832901
20.0880770683
19.9163200855
19.8041939735
17.6173479557
21.4154911041
19.690253973
20.8632409573
20.6166598797
20.3034789562
19.745983839
20.1195859909
19.7946748734
19.5545198917
19.748693943
19.9270479679
19.9199421406
20.0670380592
20.5976500511
20.1516001225
19.4614109993
19.5302321911
19.7837150097
19.5150659084
19.221668005
19.7162780762
20.3943090439
19.073472023
19.0818738937
19.2622401714
18.1413168907
19.6746990681
20.2493960857
19.8597950935
18.2005569935
17.9074959755
20.3574500084
19.4834718704
18.9120008945
19.043941021
19.3519070148
19.2551820278
20.0188291073
18.6423330307
19.5831980705
19.2780029774
19.4697210789
19.6577570438
20.0852310658
20.3790647984
20.1275651455
19.8498549461
18.8767330647
18.5745029449
19.192250967
19.5783879757
19.3139588833
19.0402269363
19.5082650185
19.4963269234
19.5138590336
19.4545469284
19.4146208763
19.7343020439
19.9900979996
20.4906599522
20.1474919319
19.7548379898
19.1064350605
19.3110790253
19.5818531513
19.7138569355
19.0498139858
19.4235880375
19.9751210213
18.6342849731
17.6821520329
19.4422318935
17.9793128967
20.7040669918
18.3109049797
20.5261018276
19.88951087
20.1946349144
19.2902460098
19.6190121174
19.4454300404
19.7811369896
19.447026968
19.8001840115
19.8929240704
20.6563680172
19.4468941689
20.0022349358
19.4779880047
19.8818690777
20.1629641056
19.2484378815
19.288079977
18.878631115
18.9733748436
18.9044709206
19.316275835
19.5316748619
17.1548640728
