Experiment Results
13.691621534526348
10.290508944541216
10.053537853062153
10.170688273385167
10.069214971736073
9.949728490784764
10.12451940216124
9.929307727143168
9.790549118071795
10.185101110488176
9.96567515283823
9.807123478502035
9.987184878438711
9.988387614488602
10.019709093496203
9.83430004119873
9.818793123587966
9.947714103385806
9.81757414713502
9.762887379154563
9.787981608882546
9.892223581671715
9.878636978566647
9.773374317213893
9.913510104641318
9.998671818524599
9.772123463451862
9.792719105258584
9.862346293404698
10.002062289044261
9.875575521960855
9.793413871899247
9.874377239495516
9.691309481859207
9.725027292966843
9.761843498796225
9.80665159970522
9.679997013881803
9.574234500527382
9.897809131070971
9.795753609389067
9.70255509018898
9.775988291949034
9.576573858037591
9.713437519967556
9.989910596981645
9.594088478013873
9.782544517889619
9.58044851385057
9.898933848366141
9.988403674215078
9.88921838067472
9.925599744543433
9.664041893556714
9.697245486080647
9.525420062243938
9.870396506041288
9.700354997068644
9.662792233750224
9.59533578902483
9.568253137171268
9.737188601866364
9.864954413846135
9.596441751345992
9.768893372267485
9.438007038086653
9.964872620999813
9.799687253311276
9.780644485726953
9.611432202160358
9.782774209976196
9.669660521671176
9.896042000502348
9.499736936762929
9.596134638413787
9.889349594712257
10.000174244865775
10.090333497151732
9.692012241110206
9.919525485485792
9.87327048368752
9.688248313963413
9.889972142875195
9.77445006556809
10.291773786768317
9.841138940304518
9.838209725916386
9.744815926998854
9.684956943616271
9.795857302844524
9.676230182871222
9.898020865395665
9.843608763068914
9.610280279070139
10.024755911901593
9.685577116906643
9.762218939140439
9.703045601025224
9.877749036997557
9.783141558989882
10.160671288147569
9.97324994392693
10.270232828333974
9.995136706158519
10.044483561068773
10.002425951883197
9.782676286995411
10.03975274041295
9.89937400072813
10.01785883679986
9.778609035536647
9.863541582599282
9.974912095814943
10.218495275825262
9.838534068316221
9.787444537505507
9.93710552342236
10.253144590184093
9.989848488941789
9.855637909844518
9.888910204172134
9.818800766021013
9.609701314941049
10.072184370830655
9.98318444751203
9.817501062527299
9.765831865370274
9.95922701060772
9.680422615259886
9.827947530895472
10.04044602997601
10.086952378973365
9.782715357840061
9.814115557819605
9.670340523123741
10.031467404216528
9.792137129232287
9.633371114730835
10.017576007172465
9.667773270979524
10.01565195247531
9.768557408824563
10.00468149036169
9.992496462538838
9.984464570879936
9.901334566995502
9.804468739777803
10.274640107527375
9.572888115420938
9.998367326334119
9.680510077625513
9.803920747712255
9.889383625239134
9.794937482103705
9.783032523468137
9.701493045315146
9.986446402966976
9.788288803771138
9.68706076964736
9.910067945718765
9.687936034053564
9.702534394338727
9.76071409881115
9.541418455541134
9.660542137920856
9.582021100446582
9.838324427604675
9.446324972435832
9.680358480662107
9.79856744222343
9.733302788808942
9.680864052847028
9.623968796804547
9.607001308351755
9.873164340853691
9.98628232628107
9.699520770460367
9.571294542402029
9.727469505742192
9.681264149025083
9.489837367087603
9.62278644926846
9.907873999327421
9.560054678469896
9.500000482425094
9.783515216782689
9.697374811396003
9.73922599107027
9.58791796863079
9.685576494783163
9.632314838469028
9.703381387516856
9.666014589369297
9.444162297993898
9.58744198270142
9.749513128772378
9.595753269270062
9.629274014383554
9.57206267490983
9.607587609440088
10.124982949346304
10.012115981429815
10.252861630171537
9.844089025631547
10.181347278878093
9.678857387974858
9.808502847328782
10.066313659772277
9.772202720865607
9.991110689938068
10.071963414549828
9.984377324581146
9.716089425608516
9.855527516454458
9.693533767014742
9.469270760193467
9.772125082090497
9.800245752558112
9.765000246465206
9.903908723965287
9.792974267154932
9.782526323571801
9.792822729796171
9.679729599505663
9.909447818994522
9.736304223537445
9.81697203963995
9.78192269988358
9.583067374303937
10.006672402843833
9.798850521445274
9.774219209328294
10.007979987189174
9.762188581749797
9.78640541434288
9.756529415026307
9.595877164974809
9.587746134027839
9.792760789394379
9.779600076377392
9.904331179335713
9.80688425898552
9.588585196062922
9.707379885017872
9.569199142977595
9.69323150254786
9.702951043844223
9.883760154247284
9.481715213507414
9.512517528608441
9.759677581489086
10.038334725424647
9.685220081359148
9.842467622831464
9.388721944764256
9.597614478319883
9.894440952688456
9.658273231238127
9.70915812626481
9.494686024263501
9.705717055127025
9.810464352369308
9.537559237331152
9.711810542270541
9.589336866512895
9.704324830323458
9.815745808184147
9.79902071133256
9.848192801699042
9.61588873527944
9.602526670321822
9.77382367104292
9.609349858015776
9.574857449159026
9.803342310711741
9.66022016108036
9.601335197687149
9.624144829809666
9.698192592710257
9.577714174985886
9.475011581555009
9.609757371246815
9.59911541827023
9.649488287046552
9.59118959121406
9.730311501771212
9.662532228976488
9.499035723507404
9.594969719648361
9.513886531814933
9.669509045779705
9.690697932615876
9.706081030890346
9.558537928387523
9.720870474353433
9.864867923781276
9.815312627702951
9.747667664662004
9.515601396560669
9.511588098481297
10.18797017261386
9.957539774477482
10.062278462573886
10.157188652083278
9.982454737648368
9.76957837305963
9.99028879776597
9.907390778884292
9.959835384041071
9.560440996661782
9.603912783786654
9.784312348812819
9.781613824889064
9.681215217337012
9.680718712508678
9.738542316481471
9.628237746655941
9.969081450253725
9.807451190426946
9.775210451334715
9.611891344189644
9.8534953314811
9.6991907954216
9.990023599937558
9.865432409569621
9.607364485040307
9.875132048502564
9.795618422329426
9.365650348365307
9.92200250737369
9.953949647024274
9.801588525995612
9.804381867870688
9.783143943175673
9.795879872515798
9.769590463489294
9.682921219617128
9.694550588726997
9.797851111739874
9.706089481711388
9.75839045830071
9.800819430500269
9.676470855250955
9.93738429248333
9.750179061666131
9.714798988774419
9.685288812965155
9.764429960399866
9.795999243855476
9.64790396951139
9.781362511217594
9.763518694788218
9.582603428512812
9.585077922791243
9.479511747136712
9.871067341417074
9.608123570680618
9.51108106225729
9.77520165592432
9.606559192761779
9.790448239073157
9.581228161230683
9.589780991896987
9.503532350063324
9.590952733531594
9.611493585631251
9.988825319334865
9.691698720678687
9.674339819699526
9.725457737222314
9.889568908140063
9.460165271535516
9.514254929497838
9.599268874153495
9.600588977336884
9.79721655137837
9.765795657411218
9.709768218919635
9.577203890308738
9.71230586245656
9.671346548944712
9.665073949843645
9.816926935687661
9.692785797640681
9.575777649879456
9.622199239209294
9.548892386257648
9.693769821897149
9.392956046387553
9.823707479983568
9.565063217654824
9.603665614500642
9.763360453769565
9.689962456002831
9.386293375864625
9.873701836913824
9.824151165783405
9.771681247279048
9.602293156087399
9.727420760318637
10.126987684518099
10.377070503309369
10.244610389694571
10.393218826502562
10.155370576307178
9.810042046010494
10.05978892557323
10.115158786997199
9.928513068705797
9.793206481263041
10.111137935891747
9.872413074597716
9.688077196478844
9.88369207084179
9.785027414560318
9.77722953259945
9.772482952103019
9.717074569314718
9.859065562486649
10.031429940834641
9.958278395235538
9.713680760934949
9.660745900124311
9.899709418416023
9.780040014535189
9.751478422433138
9.78751871176064
9.805020635947585
9.912690814584494
10.052978487685323
9.60733817704022
9.77724621631205
9.693535888567567
9.694911455735564
9.887310020625591
9.773190028965473
10.095504272729158
9.758577892556787
9.680563915520906
9.617142714560032
9.9281604308635
9.849099077284336
9.76928248628974
9.904330518096685
9.68352397531271
9.907505000010133
10.083062205463648
9.70941768027842
9.701729478314519
9.681798132136464
9.587686948478222
9.765947243198752
9.673530673608184
9.841280629858375
9.562710888683796
9.710782891139388
9.575671575963497
9.686993226408958
9.783991957083344
9.742246625944972
9.651610465720296
9.797304149717093
9.571779772639275
9.492304995656013
9.716740611940622
9.710190432146192
9.632723830640316
9.836084742099047
9.972920591011643
9.674650844186544
9.612241981551051
9.585719656199217
9.488868072628975
9.49534610286355
9.796033088117838
9.872755022719502
9.809015369042754
9.701189503073692
9.694035394117236
9.479728570207953
9.880147960036993
9.807620422914624
9.806681951507926
9.455933021381497
9.692859694361687
9.51031643897295
9.622622704133391
9.566080151125789
9.81162635795772
9.901066612452269
9.488320900127292
9.656485822051764
9.620618354529142
9.507941281422973
9.759499980136752
9.601531548425555
9.702882327139378
9.734266258776188
9.41689196228981
9.632848866283894
10.533956438302994
9.977122144773602
10.041970305144787
10.075277974829078
10.141882495954633
9.763017360121012
9.721908338367939
9.88184274174273
9.96869421750307
9.904163718223572
9.691194295883179
9.767640622332692
9.895920284092426
9.866210954263806
9.691538222134113
9.75077330134809
9.97740507312119
9.949347538873553
9.909834960475564
10.099792746827006
9.814514322206378
9.88981368765235
9.864017939195037
9.869910437613726
9.761306868866086
9.809581868350506
9.733188640326262
9.764041375368834
9.994475649669766
10.054826570674777
9.902627957984805
9.88351240940392
9.80917408876121
9.76466748304665
9.951331770047545
9.989798797294497
9.915354140102863
9.790447479113936
9.720077084377408
9.543566467240453
9.898094147443771
9.791782785207033
9.695687817409635
9.786872442811728
9.574270924553275
9.80336482077837
9.576462659984827
10.011185193434358
9.784377282485366
9.801222616806626
9.687643084675074
9.686687659472227
9.791135299950838
9.673335975036025
9.601276516914368
9.711048617959023
9.694621475413442
9.972836958244443
9.496726114302874
9.685687294229865
9.67996352724731
9.70018925704062
9.689886629581451
9.584585716947913
9.598809402436018
9.80403701029718
9.69059245288372
9.687550988048315
9.78733097948134
9.922531846910715
9.694742543622851
9.588247327134013
9.785363655537367
9.502910992130637
9.660215567797422
9.803392123430967
9.784159015864134
9.585255786776543
9.806605964899063
9.592594604939222
9.67853955551982
9.79067837446928
9.708470011129975
9.54037880152464
9.82396025955677
9.778659084811807
9.49670323356986
9.691289050504565
9.815125407651067
9.58907507173717
9.601717244833708
9.582031307742
9.589173061773181
9.880320120602846
9.582045834511518
9.681536855176091
9.706846261397004
9.60493046976626
9.374844830483198
9.690321700647473
