Experiment Results
5.91063714027
10.2725830078
9.29940485954
9.97768807411
8.89534401894
8.05884504318
9.14893603325
7.45032691956
10.0120708942
6.36308097839
7.58200597763
8.43168091774
6.43414711952
9.05214500427
8.04482984543
6.53873682022
9.54954910278
5.71310281754
6.79533815384
8.48183202744
9.03105998039
6.06498503685
8.78350615501
6.71794080734
9.9134478569
8.46525788307
7.76388406754
8.01593494415
8.80814409256
8.86379694939
10.5944600105
6.27576112747
6.41774010658
6.65239286423
6.57533788681
6.16727685928
7.7001888752
6.97862100601
7.88554191589
6.12294101715
8.08944106102
8.68054199219
5.67280292511
8.23065114021
8.78391098976
7.30785799026
7.87505888939
10.1080601215
9.01815390587
8.78137493134
8.87894105911
8.38362789154
6.72906494141
8.3235669136
7.68476390839
8.7144138813
7.07149910927
5.03052806854
7.835709095
6.57969284058
7.93032002449
7.87413096428
10.572496891
8.70293712616
7.90620493889
7.90886497498
6.45637798309
6.97099304199
7.30732703209
6.34128713608
10.159514904
9.81342697144
8.74818205833
8.97213292122
8.60238718987
10.8263549805
5.93517303467
7.02532100677
6.12736392021
7.61232805252
7.0258128643
6.60864686966
8.411454916
8.13871502876
7.79545712471
7.39858102798
6.89528608322
7.33132815361
6.8787381649
7.74741792679
5.69972705841
9.16560292244
7.75924491882
5.90789699554
10.1242110729
8.22717094421
6.58361196518
8.57998585701
9.26243591309
7.50978302956
5.96979403496
10.5324239731
9.62912201881
7.92261815071
8.91407012939
7.35029911995
9.10853791237
8.78166484833
9.53921699524
6.36199092865
7.07427382469
8.00891304016
6.51630115509
9.50825786591
8.0891289711
6.63353013992
6.42758607864
6.14934778214
6.61362600327
7.29853200912
9.21414995193
7.95872402191
6.13521194458
7.91640710831
8.66965198517
7.86131000519
7.17584204674
6.61214399338
6.82835006714
7.1094429493
9.19887399673
7.33808803558
8.30478382111
6.97738718987
8.90424489975
8.3027818203
6.34830999374
6.04363894463
9.03851294518
6.15120983124
6.29569101334
6.79482889175
6.06223797798
6.62830090523
6.59598684311
8.6896750927
6.12965393066
6.34521102905
9.3308930397
7.53258705139
7.28599905968
6.22713518143
6.73323392868
7.58802390099
8.15127205849
7.53593182564
6.09905314445
5.47052288055
8.96245288849
8.00126314163
6.5357260704
5.91347098351
8.24240207672
6.30604100227
6.66534495354
7.06363391876
6.3488919735
6.64902710915
7.0612308979
6.49805593491
9.5248939991
9.0337471962
8.12035608292
6.91578793526
5.97343611717
8.48655295372
6.51430487633
6.48460698128
6.42961096764
6.05142188072
7.99559092522
7.00601816177
8.19011998177
6.59901094437
6.49524402618
6.37153410912
6.50694990158
7.14696502686
7.04902887344
8.77221703529
6.399050951
7.59196591377
6.39376282692
6.11300301552
8.69019412994
7.13038396835
6.24170088768
8.56207489967
8.27968382835
6.96039891243
6.58189511299
7.89749503136
8.34730887413
10.0599141121
9.11749505997
6.09701800346
8.2986638546
9.6611790657
9.12056493759
7.01142597198
6.58696007729
6.95089316368
6.48334288597
9.17695093155
8.21718192101
6.19053816795
6.88454198837
5.90813016891
7.58585095406
6.63545107841
7.1079390049
6.64978408813
6.40845489502
6.76002621651
8.33269906044
7.60482692719
6.73038220406
6.42072892189
6.77781581879
7.04999494553
9.55783891678
6.0858540535
6.90320515633
7.18626999855
7.18943214417
7.34681296349
7.35700798035
6.89398884773
8.27613210678
5.86334180832
6.67229104042
6.47967791557
6.28214001656
6.28257989883
7.11753487587
6.29951095581
6.77474308014
6.99501299858
7.83423900604
8.73106098175
6.43537783623
6.30956912041
6.39868378639
6.9021589756
8.38209795952
6.68440508842
7.08807587624
5.75028514862
6.00898599625
6.90387296677
6.7063729763
6.1634209156
8.28674793243
7.00820493698
7.04830408096
6.78741502762
6.02749896049
6.62141013145
6.43070602417
6.70509696007
8.41014385223
9.22515296936
8.55392098427
7.69803595543
6.74129700661
10.6407620907
7.17129898071
6.33045887947
6.67281603813
6.00721812248
6.79433202744
6.97155308723
7.31844496727
6.45248007774
6.19875788689
6.33031201363
7.3591299057
8.28293085098
6.71732997894
9.50824689865
6.04986405373
7.55086994171
5.83852887154
6.40027999878
8.45198106766
6.55297279358
6.57246208191
8.30993103981
7.43453407288
6.69128608704
6.21230387688
8.6868929863
10.3918919563
9.20259976387
8.17798995972
6.32162499428
7.93056106567
8.69768691063
9.81750798225
6.55540394783
6.70699214935
6.18331623077
6.80634498596
8.40970301628
7.96049904823
6.51360583305
7.58722400665
6.35674190521
6.65158605576
6.20330810547
7.49278020859
6.95342803001
7.10826802254
6.68204593658
7.76630687714
7.44312596321
6.47707796097
5.79889202118
8.52657294273
7.77005791664
8.99110794067
6.37721991539
6.50192594528
6.71194601059
6.62761282921
6.493901968
6.33617186546
5.99081206322
11.9462690353
6.93645501137
7.12560200691
8.07796692848
8.36379098892
6.53684401512
6.66723799706
7.30183506012
6.06874704361
7.58719420433
8.76798892021
8.72766780853
7.94442605972
6.92158889771
8.25456118584
8.08373999596
11.7789230347
7.82684397697
9.88945198059
6.1444478035
5.94156599045
6.11967396736
7.6805331707
6.76785111427
10.3243050575
7.98061490059
6.50460600853
8.14766812325
6.3783428669
6.67676401138
6.038159132
8.92378902435
11.007281065
9.75685286522
13.0035378933
8.48429989815
11.8824880123
11.8862369061
6.41868805885
6.90036511421
8.29647302628
6.41169714928
6.76746296883
9.23537302017
8.31676292419
9.22045707703
7.67953586578
9.10483813286
9.31634998322
8.27661895752
7.00607514381
8.7860519886
6.51690196991
7.0318300724
5.97487592697
7.48319506645
13.535269022
11.014081955
6.21952199936
10.5623469353
9.56976699829
6.78365206718
5.77427816391
11.1537339687
9.39303779602
8.8779399395
11.339163065
6.76588010788
7.95592999458
12.0093648434
10.3968448639
8.02022194862
9.49258208275
8.09410214424
7.66876792908
10.1082708836
11.8190629482
6.66420698166
6.08492493629
6.26105284691
8.90641117096
11.4157660007
10.005095005
7.11923599243
7.73660302162
10.4415280819
10.0964989662
9.54750299454
6.74473500252
6.93040204048
10.2410280704
7.42281198502
16.5335600376
6.04720115662
5.70926523209
7.14942193031
8.67002987862
9.49946594238
6.84841799736
7.24179911613
10.9565451145
7.92415881157
8.58421492577
8.64062309265
6.99816894531
6.85002017021
9.51850390434
8.19826078415
6.36077809334
9.04926991463
11.6006538868
11.112126112
7.71804285049
9.76377415657
7.20068001747
10.4178268909
8.26207995415
6.57499980927
8.37010002136
5.50879311562
6.95912194252
9.28694796562
7.60788297653
7.40757703781
13.623281002
8.40965414047
8.11979103088
8.60325407982
6.51678609848
9.89310193062
9.27931785583
7.38932800293
10.8780648708
13.3509709835
15.0266439915
8.42677116394
6.96763491631
15.2463610172
8.52121114731
10.4258069992
11.4281768799
6.50049996376
7.10428285599
7.96431589127
8.65299105644
7.97232508659
6.03437018394
12.5892510414
9.73451781273
11.3731069565
6.78486514091
14.138076067
8.94116091728
9.11258888245
6.46511387825
6.52832913399
14.6423988342
7.72492098808
6.17140507698
10.8288259506
8.07740902901
8.30931997299
7.00757193565
12.8320040703
11.82695508
12.3025760651
10.3803579807
6.23462891579
7.8840470314
12.0827159882
11.5839848518
9.57991600037
9.05096507072
8.3958170414
6.61686611176
10.9996781349
8.12270116806
7.08061695099
7.41362404823
7.40819883347
8.89595389366
8.36995506287
11.4821021557
7.20798897743
8.54571914673
9.85038709641
11.3118710518
8.78560400009
8.55889105797
6.70459198952
6.78831005096
8.63599300385
8.40149116516
6.42959904671
7.33125114441
6.70387887955
6.79506611824
6.42821002007
8.18835997581
7.84647893906
8.94550514221
8.29936408997
7.76294589043
6.60748887062
8.06961607933
7.21886706352
8.71085214615
7.72999095917
6.40087795258
8.59032583237
11.4385588169
10.6107940674
7.25318694115
6.12493491173
6.55492091179
6.84135103226
9.43263101578
6.59549093246
11.4432168007
5.52303004265
5.93785405159
9.77379703522
9.81749820709
6.15657806396
11.4523968697
7.83647704124
7.76112699509
7.56231188774
8.5013051033
8.70760798454
8.21103405952
9.11967802048
13.1021139622
11.6849348545
8.86519503593
7.06267809868
7.29554796219
12.1182332039
6.25880408287
6.17651200294
7.62102484703
10.6640050411
6.39931082726
6.51452207565
7.73063707352
7.6553850174
7.74050092697
6.65913510323
6.62400388718
9.07843708992
7.9977312088
10.5700099468
7.91676616669
9.10655093193
5.71394395828
6.37722301483
9.56140708923
6.55497097969
6.93062901497
11.0783758163
9.0918200016
10.0199689865
