Experiment Results
213.071532965
310.884678125
311.57614994
310.698324919
311.355882883
211.221436024
288.570080042
295.142855883
310.689743042
237.458694935
234.424788952
234.451395988
234.599111795
310.407708168
291.381382942
233.635577917
233.851906061
210.680314064
226.385495901
225.823804855
276.001754999
233.775137186
233.282599211
249.794836044
283.794327974
233.899088144
207.30705905
210.272818804
234.018511057
234.167973995
310.740911007
211.413666964
210.512629032
233.292943954
234.12823391
233.280210018
218.305335999
210.785733223
310.526242018
207.330878019
234.425487995
232.571552992
207.307649851
214.57803297
241.914340973
233.907976866
210.183282852
233.78966403
268.342432976
256.25980401
233.961530209
210.212567091
234.205929041
249.788774014
287.78845787
233.710618973
249.888294935
185.891213894
211.690561771
211.77933383
233.976314068
210.986509085
311.535821199
234.565811157
233.511749029
242.262441874
211.354543924
233.65869689
212.436908007
237.438310146
315.662369967
316.45265913
313.653651953
254.087800026
235.121223927
314.250504971
212.375228882
216.39090991
238.064369917
221.209989071
234.6942029
235.478596926
280.587810993
234.339440107
213.596579075
234.978109837
238.088320017
274.68593502
234.696829081
298.644540071
214.955508947
272.684467077
213.408321142
212.706056118
315.225613117
233.683892012
207.497301817
308.820953846
264.883601189
234.512243032
211.74352479
316.804023027
314.647624016
314.801486969
315.097043037
211.257184982
289.881187916
296.788510084
313.284073114
237.289613962
233.267539024
234.656952858
234.636147022
315.347420931
294.357135057
237.25077486
234.805696964
212.479438066
227.545394897
230.088576078
279.881253004
235.921235085
237.637394905
250.211642981
285.532368183
235.251924038
209.992146969
214.172005892
236.796772003
237.30312705
319.193081856
210.777667999
211.811775923
234.18264699
235.259768963
237.279629946
219.18381691
213.940238953
313.973582983
207.370914936
238.075356007
235.370644093
210.579489946
217.638337135
244.139336109
234.145766973
211.076457977
234.05032897
269.732167006
258.107235909
235.273691893
214.091919899
236.986158133
253.465963125
294.264193058
234.475605011
251.806763172
189.058040142
213.738843918
211.487176895
237.189102173
211.162851095
314.164767027
233.975499153
234.954123974
244.309415102
212.269225836
237.320743084
211.065304995
239.544539928
317.298102856
313.617043018
312.71884799
253.91576004
236.261860847
315.44976306
210.995052814
216.447690964
238.430752993
222.062826872
236.675429106
235.525918007
281.351114988
234.823718071
214.990614176
233.853991032
237.755810976
280.751364946
233.167666912
300.986539125
210.659934044
276.376591921
213.292078018
213.205001116
317.44115901
234.443429947
206.810898066
305.710062981
266.471184969
238.611844063
212.26010108
316.428341866
314.791321039
312.998514891
317.607615948
211.348588943
290.07821703
297.137604952
312.984843016
240.464473963
239.998353004
233.901469946
234.385461807
314.003973961
294.90879488
239.575603008
237.699106932
213.755397081
231.32238698
227.894037962
280.079011917
234.090049982
236.627488852
254.393070936
288.100172043
233.372138977
209.469678879
213.085086107
240.280143976
234.907189131
315.710834026
210.494889021
213.076987028
236.332302094
233.157108068
235.107076883
218.49255991
214.393866062
312.932648897
210.652583122
235.076221943
237.702646017
210.383558035
216.594228029
244.894757986
235.898068905
213.171365023
236.152088165
270.384701014
257.253669024
233.589715958
212.401174068
233.882386923
249.886018038
293.406278849
234.098448038
252.681071997
188.765081882
214.19963789
212.578677177
237.199127913
213.092304945
315.217612028
235.767166138
233.213265896
246.613268852
212.781689167
233.362944126
211.023205996
238.995671988
317.998280048
315.713793039
313.586508989
254.092894077
239.746744156
317.060366154
211.14373517
215.179316044
234.684717894
223.815654039
241.832816124
235.557909012
283.99246788
234.028934956
212.945884943
233.797434092
237.516639948
277.519593954
238.570075035
301.562582016
211.084125042
274.616525888
214.086468935
213.793650866
317.580684185
233.72185111
209.514379978
312.646928072
264.815186024
233.460049152
211.144420147
322.390821934
314.207221985
312.886986017
317.60393405
210.252212048
296.309500933
300.097634077
310.336257935
239.338142872
236.920407057
233.805834055
234.659337044
314.284562111
294.257202148
234.279306889
233.759226084
211.263573885
230.450052977
230.760972977
276.682608128
234.14556098
236.10077095
252.302963018
289.078975201
234.015977144
207.241966963
210.305691004
233.51353097
237.296267986
318.357178926
210.015650988
213.262281895
240.449836969
235.167527914
234.07050395
220.05540514
213.820612907
315.271955967
208.029723167
233.701772928
233.317917824
209.453865051
216.100677013
244.879559994
237.466544151
213.644362211
232.983640909
273.329605818
257.417390108
236.234229088
216.906223059
233.669210911
252.929030895
292.53883791
234.496385098
253.43888092
189.659265995
212.705849886
212.53234601
237.194661856
212.755800962
321.463261843
234.321825027
235.478301048
242.654920101
211.353150129
235.178101063
216.099117041
239.674670935
315.510826111
311.11430788
313.167704105
254.961708784
234.186930895
317.4398489
210.782883883
215.362987041
234.095676899
221.312946081
236.450944901
232.915831089
282.547146797
234.969115973
213.063036919
235.249444962
233.208869934
273.800560951
234.321151018
302.314460039
211.111180067
275.634776115
214.410950899
210.103144169
318.76829505
233.110929966
206.892049074
309.130889893
264.062886953
236.812001944
212.34010911
314.96311307
315.917234898
311.534087896
312.097214937
212.710050106
289.352566004
302.026717901
310.459978104
238.54024601
237.132653952
238.288404942
234.404710054
311.538179874
295.578546047
235.589565992
237.561163187
213.056093931
232.208880186
225.495518923
278.884603024
233.435452938
235.144133091
253.924664021
284.812078953
237.513462067
210.949765205
214.810510874
233.808722973
236.206616163
315.283405066
210.84742403
212.182209015
233.499793053
236.731326103
235.28753686
222.694500923
211.961501122
318.266978025
208.387254953
234.194093943
234.720229864
207.954480886
218.319443941
249.201972008
234.438313007
212.595604897
236.964354038
270.256263018
259.015249968
232.320192099
215.704883099
235.993929148
253.671026945
292.534779072
233.734930038
249.34185195
186.245745897
211.350897789
212.876573086
235.061440945
213.368041039
315.947121859
235.37176609
235.147915125
244.19015193
212.788959026
235.659292936
212.61766696
238.40197897
316.383638859
313.440476179
313.0472579
255.059870005
237.258172989
316.28004694
210.871177912
215.632912159
233.70617485
222.817577839
237.436512947
237.88812685
278.913003922
233.052730799
212.857788086
233.59956789
236.73409915
272.113804102
235.689650059
300.667411089
214.627353907
273.81189394
214.313625097
214.889065981
323.56882906
233.68755722
207.986007929
308.663141966
263.663257122
237.712167978
211.144573927
313.807318211
313.644110918
314.52553916
313.775955915
210.149057865
286.593307018
296.463831902
310.896126986
238.350605011
236.600965977
236.160547018
233.60500598
313.854984045
293.621247053
235.906258821
236.436332941
211.885754108
228.034209967
227.834975004
280.693838835
232.583836079
236.978516102
254.156677961
288.754223108
232.527318954
206.203880072
211.569812059
241.111373901
235.48034811
316.421416998
210.946048975
213.166589975
233.860433102
241.205440044
239.507344961
222.251537085
215.496469975
318.733922005
205.773536205
233.207540989
234.536437988
207.578811169
220.991233826
242.212662935
235.525684834
215.883982897
238.063841105
279.037137985
262.586874008
238.824542046
212.095563889
235.882338047
255.983215094
287.278949022
235.981197119
252.682931185
186.088639975
215.343003988
218.888017178
235.830665827
213.646881819
318.949690819
237.499686956
235.569195986
242.905235052
210.3712008
242.227597952
215.042394876
244.34703207
318.204399109
314.330544949
311.465150833
254.166490078
240.071228027
321.823356867
210.178315878
216.625534058
234.75233984
217.793851852
234.193176985
235.507390976
279.158897161
236.089404106
213.222132921
233.808538914
242.703477859
280.384909153
233.275074959
297.957948923
213.267106056
276.077371836
213.446552038
213.353927851
318.577908039
234.967046022
208.290282965
307.854519844
266.018872023
237.160592079
