Experiment Results
7.088916150853038
6.675482548773289
6.709483491256833
6.704231660813093
6.2144697196781635
6.800717452540994
6.819402253255248
6.349488873034716
5.869931001216173
7.298582449555397
6.383688405156136
5.838390067219734
6.270377362146974
7.340110635384917
6.07143447548151
8.507309367880225
9.01403576694429
10.343791974708438
8.370468528941274
8.005407700315118
7.111429231241345
6.461927188560367
8.99422351270914
6.16954986564815
6.769639605656266
6.214617419987917
6.9120624754577875
7.732820941135287
5.9814886543899775
7.100075798109174
6.250202992931008
6.984882906079292
7.712212508544326
6.795572543516755
6.088349137455225
6.981042802333832
10.630197923630476
6.745014976710081
6.233699701726437
6.757072387263179
6.877212587743998
7.096556611359119
7.8030439503490925
7.075856681913137
6.781334221363068
6.096292108297348
6.590149508789182
6.267596581950784
7.554607890546322
6.439106792211533
6.322863936424255
9.005941269919276
6.988169884309173
7.363925851881504
6.9417764358222485
8.941896824166179
8.017449852079153
6.066164126619697
6.603736814111471
6.251904392614961
7.121030615642667
6.881677411496639
6.347999662160873
6.418708421289921
6.509462160989642
9.791185524314642
7.279245238751173
6.401201343163848
7.493776489049196
6.622533926740289
8.959215169772506
9.52085049264133
7.386895006522536
6.812136175110936
6.103216847404838
7.719202617183328
7.706787034869194
6.220666393637657
7.50652539730072
6.661478698253632
7.2114334758371115
6.117746951058507
9.964173777028918
7.964181452989578
6.471036318689585
6.484935527667403
6.356538973748684
5.846548268571496
6.376364633440971
7.530869770795107
7.591494537889957
6.666956337168813
7.53601847589016
6.343863083049655
7.790300756692886
13.953847493976355
8.959037585183978
8.428647277876735
8.028916483744979
7.225148864090443
7.992188373580575
7.5215308871120214
7.859354777261615
9.286615915596485
8.460167495533824
7.638950325548649
7.427992759272456
6.668699501082301
8.466479558497667
7.903601512312889
8.500290671363473
6.7366529032588005
6.725953446701169
7.486978793516755
8.399174740538001
6.854848392307758
7.895396469160914
12.18224017508328
6.2688752338290215
6.678572092205286
6.9104737769812346
9.480178384110332
8.509785242378712
7.166148312389851
6.914562676101923
6.6968948263674974
7.5610341895371675
6.90079490095377
7.389488272368908
8.186539018526673
10.406617416068912
7.546607164666057
5.875506389886141
7.528159102424979
8.237946633249521
12.124863654375076
7.021058669313788
6.839649247005582
7.60797893255949
7.586579693481326
8.501325683668256
7.170365741476417
6.575437357649207
7.088867370039225
8.012865979224443
8.129703911021352
7.778031861409545
9.559534505009651
6.273493019863963
10.600583728402853
7.189079934731126
7.929212812334299
6.562835359945893
9.052458511665463
7.021016174927354
10.797001410275698
7.120139982551336
10.496657188981771
8.349316352978349
9.024453610181808
5.826908603310585
7.437504818663001
6.581759259104729
6.681780427694321
8.50552579574287
7.504272777587175
6.395499564707279
10.4987618252635
6.289690552279353
9.480359287932515
6.291992474347353
6.505983369424939
6.079990729689598
6.67978923022747
7.300756370648742
8.477104036137462
7.308483351022005
8.523954130709171
6.2556754518300295
6.234309235587716
7.945546301081777
16.967566210776567
8.159276669844985
12.379885535687208
7.212529748678207
6.451282987371087
11.911303339526057
7.244082598015666
6.472233321517706
6.336704256013036
6.611773796379566
6.868986139073968
6.589431932196021
8.818670390173793
6.988558292388916
7.279186729341745
7.513618940487504
7.739697529003024
6.790459664538503
7.928150717169046
12.092520972713828
7.017701756209135
8.78056182153523
9.137472722679377
9.816352814435959
6.601297432556748
7.947013393044472
6.4826851189136505
10.786710051819682
8.601054953411222
8.838223487138748
14.55348289012909
13.537086714059114
6.922860709950328
6.5652832835912704
6.777086349204183
7.0126520823687315
7.15716503188014
7.239046333357692
6.412510236725211
9.333645587787032
9.22213445790112
6.600925719365478
11.204771544784307
7.5132593009620905
6.25734986923635
6.823374720290303
6.6992117669433355
9.551001332700253
13.01997447758913
9.528885148465633
6.545907612890005
7.229487556964159
8.945256426930428
6.834587121382356
7.086117353290319
8.277678476646543
6.306849980726838
7.427909437566996
7.1649537440389395
6.96714673563838
8.553216647356749
7.042816257104278
8.108621399849653
6.458570713177323
6.588110309094191
7.949596259742975
11.525862226262689
6.508144486695528
8.08743653446436
6.8639374282211065
10.644535278901458
6.5692930687218904
7.6013394594192505
9.359682133421302
6.600217526778579
7.42680343054235
9.60144698061049
7.389364272356033
14.167461689561605
7.362390257418156
6.6779999230057
9.440426817163825
7.802237469702959
6.074723865836859
9.18699143268168
6.074008973315358
7.553193338215351
10.127239579334855
7.305429384112358
8.604349106550217
6.5878933276981115
6.626324281096458
10.383903045207262
7.919249631464481
7.136777758598328
8.68992150016129
7.907637404277921
8.99516393058002
7.026164200156927
7.497663456946611
7.434830538928509
6.313886823132634
7.977381316944957
8.087234294041991
6.984175840392709
7.119961207732558
9.871620086953044
7.226856175810099
7.525665134191513
6.685653978958726
7.157753422856331
9.086215941235423
5.777006642892957
6.0186662543565035
19.20949320308864
7.584826827049255
7.967896299436688
7.304546291008592
6.473174564540386
9.606212535873055
7.515478299930692
14.25346665084362
7.220383856445551
7.357282787561417
10.157953698188066
9.871418662369251
7.389436766505241
8.37113742902875
8.868183173239231
10.343457944691181
7.712238050997257
6.744433723390102
7.479798883199692
6.864812014624476
7.245713196694851
6.849818820133805
7.107311517000198
7.333226827904582
6.292619237676263
7.904013119637966
7.682912845164537
10.025742119178176
8.234219010919333
7.308100067079067
7.271878685802221
6.636438900604844
12.292486306279898
7.233235511928797
8.334280928596854
6.855805205181241
8.106698367744684
6.5258181784302
6.704583777114749
7.420335095375776
7.117552682757378
7.2254564464092255
6.713641570881009
8.143347108736634
8.039512485265732
8.883059905841947
7.388400422409177
10.794344378635287
13.242676116526127
12.533045817166567
8.657885119318962
9.04331673681736
6.884779948741198
6.291963912546635
8.663801545277238
7.482598975300789
6.525364369153976
6.372859416529536
7.941673934459686
10.95337432809174
6.480219008401036
8.50560306571424
7.819405823945999
9.742616064846516
15.394576836377382
15.912376822903752
12.592287549749017
7.077007047832012
7.511218700557947
6.592113187536597
6.6729039791971445
8.401079080998898
9.578923458233476
6.895662730559707
12.18750468082726
6.304397419095039
6.81416935287416
7.386670662090182
7.949909517541528
6.885336784645915
7.649904292076826
8.019542733207345
10.407840345054865
6.215463347733021
5.978039264678955
5.9833205211907625
6.723519841209054
6.110093131661415
6.591660015285015
11.910022823140025
6.858333658427
9.775869444012642
8.502382390201092
7.554465036839247
10.436306715011597
6.29656651802361
11.450902167707682
6.932577757164836
9.245363702997565
6.6224042400717735
8.12494452856481
7.536478817462921
6.040663240477443
7.145529905334115
6.383889360353351
9.749898180365562
8.022259689867496
7.690010754391551
7.6381243746727705
9.395015323534608
7.267420312389731
7.079247573390603
8.977120332419872
7.695784961804748
6.573921479284763
7.779307981953025
6.4953347612172365
6.803181419149041
7.926396917551756
9.496342580765486
7.908640393987298
7.9782794658094645
6.384142231196165
8.31595940515399
8.755288792774081
7.302054421976209
6.601038079708815
5.9796916879713535
7.179113565012813
13.877929603680968
6.120698217302561
6.573481598868966
6.950333138927817
6.522129133343697
11.98148494400084
8.910709898918867
7.352924399077892
6.577728256583214
6.127918548882008
6.953764831647277
7.1148663610219955
6.556936200708151
6.45905327796936
6.8368238247931
11.27743306569755
8.308923868462443
7.0017501544207335
7.155465565621853
8.922933802008629
7.6582673247903585
8.900090469047427
6.33197832852602
7.241957100108266
8.296461161226034
7.751112848520279
6.62808477319777
7.649911167100072
6.631195528432727
8.71021524630487
11.791909145191312
7.493592239916325
8.065203975886106
13.457321869209409
7.578525071963668
7.3106712978333235
9.89346487261355
6.314212495461106
10.848232474178076
10.402052959427238
6.233351152390242
7.228664023801684
7.612492898479104
6.535099422559142
6.788532251492143
11.20308654755354
6.30825181864202
6.689776722341776
6.97031163610518
7.971967540681362
8.94003719650209
7.061881680041552
6.716805187985301
7.279080538079143
10.991577036678791
6.709713852033019
6.488540422171354
7.075506214052439
8.877004493027925
6.887998649850488
7.835798433050513
8.431320590898395
7.833416299894452
7.317845372483134
8.429623518139124
8.545671286061406
6.875307284295559
7.443655453622341
6.950338248163462
6.2692855801433325
6.90692469291389
7.23532622680068
7.6929969396442175
6.688298251479864
6.177782151848078
7.077755942940712
11.612433737143874
6.8632153030484915
8.826744439080358
9.453581077978015
6.79311515763402
10.233794217929244
7.0260750856250525
6.576056830585003
7.429118888452649
10.833463726565242
12.176753116771579
8.124346384778619
7.550676444545388
7.514916408807039
8.201630348339677
7.292413452640176
9.559853846207261
7.038063643500209
7.677452262490988
8.78725279122591
8.907537259161472
6.390901904553175
9.20933847129345
8.403892077505589
8.641738589853048
6.877537215128541
7.296872107312083
6.745331190526485
8.222087191417813
8.595696171745658
7.581518733873963
8.081403205171227
8.265426250174642
7.382823308929801
7.085297264158726
8.347978349775076
6.672156630083919
6.967783411964774
7.599741414189339
7.614425892010331
8.25964760966599
8.614729173481464
7.662544921040535
9.59285787306726
8.299449736252427
8.569345265626907
7.311775986105204
7.080166222527623
5.908863632008433
8.689061261713505
7.636537792161107
7.009942075237632
7.457820704206824
11.151317751035094
7.303904041647911
7.5029696598649025
6.257350390776992
6.240469580516219
8.157941926270723
7.4507151786237955
8.085308322682977
6.653731184080243
7.289263933897018
7.180769352242351
9.38235069066286
7.7985000014305115
7.047092027962208
6.84081164188683
9.20790346711874
6.971041444689035
7.188222777098417
6.922879433259368
7.175874043256044
8.992295982316136
6.897795317694545
8.077991211786866
8.57770062237978
9.27732433564961
5.920152775943279
6.817585764452815
6.685381509363651
7.0196851789951324
7.653227033093572
7.56702708080411
7.418023355305195
8.042688911780715
8.648532189428806
8.38403706997633
7.800062969326973
7.086178122088313
12.301496222615242
6.314285987988114
6.419723082333803
6.076478835195303
6.758881745859981
7.222946655005217
6.372702620923519
6.690630016848445
6.8804901372641325
7.538220953196287
