Experiment Results
23.8866071701
30.5661160946
30.5162329674
31.1887249947
31.0550200939
22.9984030724
27.5842049122
29.0879731178
31.1274521351
25.0179979801
24.8834338188
24.9874098301
25.4633200169
31.4395589828
29.2528350353
25.2726278305
24.7300951481
23.2526700497
25.055011034
26.3612401485
29.8412280083
25.2163710594
24.4950909615
26.4270370007
28.9879670143
24.7716200352
23.341463089
23.5915689468
26.5213279724
26.1842520237
31.6005969048
24.257488966
22.4072599411
25.8516821861
24.7487130165
26.2085239887
24.5626318455
23.9320681095
31.5089550018
23.8392250538
29.8171598911
26.2555811405
23.5644769669
24.5041019917
30.1601109505
26.8707900047
26.7347290516
29.0099320412
31.1045100689
28.492675066
25.9383690357
34.2449309826
28.6325180531
30.9856350422
35.9176280499
26.9395401478
27.1139731407
23.6927659512
27.3195941448
28.6038968563
26.1817851067
30.464828968
33.7200961113
25.6153159142
25.7140719891
26.654335022
23.5719850063
26.3313579559
23.9730482101
26.3999390602
31.1036109924
33.5047972202
33.5136799812
27.8467760086
27.2808449268
38.9220159054
24.0432360172
30.9863939285
34.2005670071
34.179418087
32.5807991028
34.4172921181
29.118103981
26.3328430653
23.2717320919
26.1858930588
28.9492640495
29.5971581936
26.4658548832
33.7281150818
23.7358059883
27.1419379711
24.1025049686
23.6666560173
34.5006468296
24.7739231586
21.9447290897
36.3177189827
27.9517459869
28.3620488644
31.4681072235
39.4650609493
31.8193399906
32.0300281048
31.2528650761
23.2897899151
29.3844630718
30.3332850933
30.9965898991
25.4463641644
29.0371341705
32.6297669411
25.6142501831
32.1755859852
32.390750885
25.1218161583
25.9155709743
23.1066720486
24.7087340355
24.8110420704
28.4745671749
25.0097370148
30.0504748821
27.9210729599
28.5555119514
24.9656429291
23.2179460526
24.7329330444
25.5736119747
29.9092490673
38.2184638977
23.6315059662
27.0178589821
27.2618789673
26.2187621593
27.3805692196
24.2648019791
27.2361700535
32.6382579803
23.4868950844
29.6275839806
24.4952540398
22.2577409744
26.6415431499
27.4735949039
25.4398608208
24.65589118
28.9960968494
33.3274059296
27.6795339584
27.1644051075
23.1298110485
25.1558041573
27.5478980541
31.8993890285
25.4298360348
34.016908884
22.0454599857
25.8071839809
23.3034911156
33.7887601852
28.8677711487
37.1758258343
25.1640729904
25.3097651005
26.8864490986
24.884747982
30.4835989475
23.7159249783
25.3770627975
32.1086249352
33.7967309952
31.5911250114
27.5902729034
32.0363399982
30.8359510899
27.6188061237
29.976651907
24.9601838589
24.2039458752
25.682322979
27.7080149651
36.0651609898
25.1494660378
30.2547490597
27.6771409512
26.103582859
30.0447449684
24.8622808456
30.6704277992
24.2968959808
32.1995151043
24.4963319302
25.7099058628
39.0320739746
25.0510690212
22.3638329506
32.156637907
32.167552948
25.2799789906
22.6707079411
31.8545119762
31.6910459995
35.9827139378
31.5917479992
23.7789578438
40.2141628265
34.151622057
53.6630461216
25.4343230724
26.5597271919
25.1146521568
26.8626470566
40.4159390926
35.1057081223
25.373593092
25.793817997
25.9028878212
30.3394870758
30.1743547916
28.6063959599
24.55513978
24.9179680347
27.2097001076
29.3141379356
25.9096000195
30.9942309856
23.5403459072
24.1902430058
25.4593570232
32.8408198357
23.1649038792
23.6795921326
28.1354310513
31.9567010403
25.3026061058
24.3202059269
29.7525780201
36.648416996
22.1374690533
24.6022291183
25.3092241287
22.6673481464
22.8055868149
25.405023098
31.051254034
28.2931389809
41.7951889038
30.3801858425
27.8270990849
25.5906760693
23.1767859459
24.9215369225
26.3216278553
29.0059769154
26.0389120579
29.4133040905
21.9125800133
24.1530430317
23.7631008625
25.935765028
26.1547911167
34.9352459908
25.0443818569
25.0811810493
26.0292179585
28.7839460373
31.011590004
25.4507751465
30.8090109825
35.7830579281
33.6101200581
31.926017046
26.4054019451
25.5385539532
36.3129551411
23.6748127937
26.4847970009
34.8138151169
27.0573031902
26.064593792
25.4280478954
29.0250518322
24.69384408
23.5287139416
26.3058681488
26.0801551342
29.7533769608
26.6482720375
30.6096110344
27.2809770107
29.6060490608
24.9161531925
30.161221981
32.236328125
28.7074859142
25.8285200596
34.2688038349
27.5544037819
31.2904798985
23.8884580135
36.2239909172
34.9369049072
36.2790629864
34.0543119907
22.943780899
29.3161590099
30.3910682201
31.4688060284
26.0002911091
30.8958768845
25.8995118141
25.8689510822
31.5530059338
30.0536630154
25.4546380043
25.8932788372
23.6874580383
24.3672389984
24.5565471649
28.5112819672
26.5432460308
28.8414258957
30.2757718563
30.7297141552
25.7259340286
23.0797839165
23.795552969
24.4531049728
28.8105971813
36.5734488964
23.4190580845
25.9055728912
25.3361539841
26.7229290009
34.9299008846
25.417402029
29.0455670357
39.1951458454
25.4735379219
26.711512804
30.0880188942
23.3636898994
23.4684538841
26.0393331051
27.3378150463
23.6424751282
30.3285908699
36.7756488323
27.1943750381
29.2529990673
23.6033539772
28.8751311302
29.9416508675
35.313575983
29.91223979
31.6013000011
22.7508890629
23.6709060669
23.3093111515
24.8899290562
22.497178793
31.5365948677
26.989043951
25.0525150299
25.323032856
24.3979480267
26.4738051891
23.5957698822
26.325220108
32.2932991982
32.2065861225
33.6499221325
27.2074320316
26.6536810398
33.0554280281
24.2526597977
24.1866960526
25.5879361629
26.9019389153
26.884016037
26.0033829212
31.4992001057
25.656124115
23.1039609909
28.5985589027
34.696228981
26.9173700809
25.7561061382
37.1302680969
22.9145569801
27.6889111996
23.8415651321
23.8063850403
45.9624540806
29.5240941048
26.6425409317
41.2446370125
28.2236859798
25.8726770878
27.0955779552
31.0859692097
38.7463140488
31.7499480247
31.8381838799
28.0292680264
35.4886770248
39.6135230064
36.6036128998
25.8487820625
26.5841369629
24.8605520725
28.2206480503
30.7644538879
29.4641230106
25.4403948784
24.9269580841
23.5760040283
25.8402810097
30.5063900948
31.1016089916
24.2308909893
24.6079239845
30.9124560356
28.8170418739
34.8182089329
23.8114049435
26.6149430275
33.071352005
25.3815031052
39.0892868042
25.535353899
31.5422151089
26.7928440571
29.8490149975
33.3555378914
26.6805951595
23.365967989
36.5778019428
25.7537720203
26.9212551117
28.0919911861
31.0631148815
25.7940762043
34.3064000607
28.5688080788
28.0433900356
25.2516810894
38.3324968815
27.7727780342
28.483869791
24.2022209167
24.403881073
30.8111128807
30.1369769573
25.4253690243
36.5270860195
26.8975241184
33.9413449764
27.0018780231
25.8002839088
24.5183329582
31.5027179718
27.1577911377
24.0227310658
28.1998670101
25.3553221226
32.5124900341
29.2904970646
30.0936560631
31.7356259823
40.4883480072
44.8969521523
33.7108819485
25.3196160793
41.9042620659
23.3947358131
24.0105419159
33.2962169647
24.7928309441
32.3765239716
25.507666111
34.2682960033
32.9622960091
24.2528171539
24.683054924
42.704100132
30.3684811592
30.4276790619
33.6141891479
25.369562149
34.1508498192
24.6234269142
25.804913044
37.3149778843
28.4638090134
23.5910110474
39.2314009666
30.8148448467
25.7010982037
24.6258900166
38.7550079823
31.0224909782
31.2510240078
31.6224040985
27.355038166
32.5886259079
34.8850841522
32.4586648941
26.4182298183
26.9861569405
26.9940979481
29.2844340801
34.4459769726
32.791987896
25.0414700508
25.1142189503
26.9767389297
30.4426491261
29.6802361012
46.8088510036
25.4818019867
27.1667721272
33.6213450432
28.0874052048
26.0784580708
23.6755838394
25.8314239979
27.0706269741
29.0812530518
41.4731929302
28.8514111042
31.3843998909
28.2802360058
26.3945040703
25.2897598743
27.9847040176
23.1926209927
38.9091730118
23.3668539524
32.3527438641
27.0614278316
26.8274900913
29.2827589512
33.8789730072
24.8726258278
26.6619968414
28.1529371738
32.6074688435
27.7041780949
26.2453129292
29.3998708725
38.3306741714
27.4039180279
31.407088995
28.3394238949
27.6202030182
22.4529139996
29.5528128147
22.6979990005
25.9558589458
23.4961559772
35.5413968563
31.9432060719
25.3340668678
26.5888159275
24.067481041
24.9790520668
23.8105409145
24.9096188545
41.6178150177
37.4133090973
37.1951649189
26.6178538799
29.3245141506
39.432861805
24.524561882
25.714441061
24.7037639618
27.0863962173
25.5747818947
25.2209169865
30.6162340641
28.9537241459
35.2378568649
28.4888689518
30.0168020725
30.3996210098
32.6427640915
35.5705988407
28.0768499374
36.9600629807
30.3263049126
24.5332357883
43.3584280014
25.9254248142
31.9829571247
38.5974388123
31.0541069508
25.9529559612
