Experiment Results
16.0272929668
22.5238399506
21.5648608208
21.9294829369
21.3073079586
14.7572529316
19.2269668579
19.43653512
21.4320480824
17.2409379482
16.9578959942
15.983330965
15.8011648655
21.944601059
20.6226592064
17.337364912
17.742784977
14.6263840199
15.6019608974
16.0838599205
19.5131058693
17.4542591572
18.7046539783
18.9149279594
19.8650579453
17.1002111435
16.0609810352
15.4770650864
16.9946169853
17.3867580891
20.7290899754
15.5043551922
15.695276022
17.1736729145
17.5702569485
17.4928870201
16.8138430119
14.3693959713
21.9630110264
15.8279619217
16.9786241055
17.4841451645
15.3094520569
16.9425289631
18.2217400074
17.2582471371
15.5118069649
18.0716159344
19.1139090061
18.8476061821
15.783591032
16.772703886
16.6870379448
18.746432066
20.2051801682
17.1341331005
20.1185290813
14.7393491268
15.2900989056
15.7914719582
17.1398220062
15.4890079498
21.4964249134
17.510862112
17.4596858025
18.0211360455
15.7473011017
16.7747609615
16.4473700523
18.3188130856
23.1430029869
25.8821849823
24.3119411469
17.8396399021
19.1173710823
24.2568869591
16.7215380669
20.3527801037
18.0023078918
20.0425000191
18.0643048286
18.3737270832
22.5989429951
19.6743631363
18.4292879105
20.4093160629
21.7639708519
23.9910058975
20.2880730629
24.2658140659
15.6797339916
21.2149090767
18.4468100071
19.7119450569
25.5544800758
17.7172532082
17.7516510487
25.3448548317
22.2006030083
21.767387867
18.4279720783
25.1515269279
24.5871059895
23.6092250347
22.106678009
15.8984880447
20.7930920124
22.3375549316
30.2224180698
16.9041609764
17.3142368793
17.7846660614
18.6680018902
23.2036700249
21.5229268074
20.3075969219
20.1696350574
20.6166079044
18.8052039146
17.8306410313
23.3178060055
17.508245945
21.355025053
20.557213068
23.4205942154
16.031940937
18.9561319351
23.9557209015
18.5474500656
18.1377279758
25.5276751518
17.5288960934
19.10627985
20.5612230301
21.7032968998
16.7759270668
22.3244979382
18.2990078926
25.3409640789
21.1367688179
18.4026179314
18.9232661724
18.0472071171
19.4482278824
24.4728848934
20.8732748032
20.6182041168
20.6617341042
22.726913929
22.3876640797
19.8748619556
18.5177869797
20.1634449959
22.2509908676
25.8253669739
20.2458000183
25.7875218391
16.3292360306
19.8348350525
19.7844569683
19.5044789314
18.7170062065
29.2820899487
19.700070858
24.2239060402
22.3817808628
15.7891080379
19.0668051243
16.3415331841
24.9775979519
27.5468769073
26.3838210106
31.0798261166
19.7293059826
19.9915471077
26.7801241875
17.8263058662
19.2946619987
21.4068329334
20.3963911533
19.3659179211
24.1002120972
26.0851650238
16.6170201302
19.9855539799
22.4040620327
21.0937330723
24.7398428917
20.6604280472
25.5030491352
15.711922884
22.8649058342
19.0074222088
20.7226719856
29.2018091679
22.6288180351
19.4953389168
27.9756829739
23.9758851528
20.1002850533
20.2429919243
25.3462719917
28.1852309704
24.8841619492
21.8220419884
16.6360478401
26.3501489162
29.4598309994
28.7496929169
15.8727929592
22.5256659985
21.580245018
18.1477711201
22.5063810349
21.1426868439
18.8436589241
22.2428328991
20.8661839962
21.4379909039
21.886382103
22.8735859394
20.3939290047
20.7058358192
23.0099151134
24.795853138
19.9623770714
19.6219141483
25.4054639339
17.7629630566
18.8376741409
24.8221600056
15.4646220207
21.7530920506
20.7954180241
21.1938760281
20.688573122
20.9130539894
17.0553491116
24.3816828728
20.1365458965
19.691204071
24.376019001
19.4086999893
16.9898610115
20.4991250038
28.9184219837
20.0816960335
20.5612270832
28.126237154
20.8061790466
17.8553681374
19.1242158413
21.0714550018
19.4533929825
23.6724550724
25.8410420418
22.8192720413
16.7421028614
22.0173280239
20.4867229462
19.718118906
17.6487920284
24.4203560352
20.9289169312
19.0892870426
25.6815690994
20.0956728458
23.587157011
15.5038020611
19.6100800037
26.546640873
25.9615108967
23.7214889526
23.4689669609
19.4407770634
28.8810348511
16.4302978516
21.7196350098
17.9428110123
20.7270669937
21.4902410507
21.3800499439
22.582559824
19.3888199329
21.1048769951
22.3273611069
20.8548328876
25.1186800003
21.0949280262
23.526843071
19.4485578537
21.418998003
17.5616428852
18.1029999256
33.0658848286
19.513999939
21.4717969894
28.7770109177
19.7582390308
20.079777956
18.2423369884
30.9415829182
26.1885151863
25.8669230938
24.1197869778
18.0026330948
23.9588940144
20.7620549202
25.3482031822
19.8709881306
23.9454360008
23.1586370468
19.8940360546
29.506606102
20.8601779938
20.9209599495
20.8950359821
14.9373929501
17.0893537998
17.6676511765
25.5340330601
23.5316569805
20.1251409054
27.4098770618
26.4342758656
22.125180006
15.3816649914
16.1315579414
20.6986789703
19.4406530857
27.5172328949
18.5058760643
30.3900799751
23.5184791088
20.9602069855
22.917648077
16.4542858601
18.718116045
29.0748569965
17.7596330643
19.8600389957
25.2977690697
20.978028059
19.4215490818
20.9938700199
19.8107070923
20.8537540436
25.9045879841
25.1934669018
20.9968819618
20.0970478058
21.4341449738
18.952466011
27.0350577831
23.4058430195
23.1471309662
22.3188250065
14.9388179779
18.9086561203
19.2911989689
19.295830965
17.205288887
25.148514986
21.6819360256
23.5369241238
21.3548669815
21.853260994
20.8746211529
19.3170239925
18.2986037731
25.8063051701
28.1428720951
24.9939210415
27.6752820015
21.7444739342
28.714097023
17.9921569824
19.5496850014
20.7157309055
25.9019999504
20.4776570797
20.7061910629
25.9478728771
22.1394598484
24.0875198841
17.5947370529
18.4974420071
24.6475069523
19.5400137901
23.5456089973
19.9554059505
23.9193110466
20.0662939548
22.8405761719
24.6143231392
18.0026819706
19.5904550552
24.2908780575
21.6632599831
22.3496530056
18.4394009113
25.0123231411
26.4326720238
24.7435908318
28.9095039368
20.2216351032
21.7225370407
24.81656003
22.8268861771
16.9082379341
19.6929659843
25.9036538601
17.7838180065
27.0481338501
23.3847601414
20.0619058609
21.3763279915
18.7013089657
19.6373100281
18.6469068527
22.0097970963
22.8019211292
18.2801668644
28.8629989624
26.6527712345
24.2547681332
19.5486900806
18.1737589836
19.6658320427
18.6049449444
28.1605839729
20.3421449661
21.4698710442
21.0330479145
21.8867239952
22.8470950127
23.0401170254
27.2707850933
27.1848058701
19.5283508301
25.9766321182
17.0990929604
16.265693903
17.6123249531
24.5347790718
20.3678770065
17.7665359974
23.444742918
33.3792901039
26.2363028526
22.3199880123
22.2974729538
24.6090219021
25.0446171761
24.4225180149
20.0861439705
22.0410070419
18.3670449257
20.8603389263
15.2521870136
17.0387649536
22.0307838917
27.7712979317
20.7066400051
22.9272248745
22.1342580318
22.4780781269
25.8701691628
17.7984421253
26.1873438358
28.6536579132
35.400274992
31.834843874
25.9976119995
23.2648169994
31.9160981178
20.2500641346
24.8363230228
20.1740939617
19.5231311321
23.7187488079
26.0111999512
23.4881429672
20.5208809376
22.0015349388
24.5037088394
21.7891640663
23.6242179871
24.9877259731
32.1993911266
24.5824930668
23.2278938293
24.5625329018
18.3722147942
28.6852810383
17.1024179459
19.2913119793
31.1888878345
26.7920300961
23.5985171795
21.1207630634
29.2223489285
30.6851558685
24.0955488682
33.096873045
20.740459919
23.4243910313
25.469853878
24.2201981544
21.1536130905
20.6824021339
20.8949120045
23.2853410244
27.367511034
23.3447921276
27.8532669544
21.1219871044
18.1915440559
21.6334209442
20.1857259274
25.5823891163
19.8295640945
20.529253006
23.2322559357
21.6176829338
17.9255831242
21.2873198986
18.7064380646
21.9228770733
16.4698770046
30.3369870186
20.2463338375
18.8066780567
21.2813050747
20.2242770195
23.5725867748
15.5813188553
22.9174032211
26.2512061596
17.3281719685
26.1175239086
24.6425039768
19.3118920326
24.3770420551
19.2221150398
24.5153150558
22.0617370605
22.7833862305
27.9351239204
19.0086660385
21.5606548786
19.6831820011
19.6210660934
24.9386210442
27.3360319138
20.4755690098
22.1522209644
18.1541278362
18.985352993
22.3156170845
22.7874839306
19.1873710155
27.7724590302
21.5360610485
20.5565290451
20.8747980595
20.9880888462
23.7309238911
21.4222159386
27.1032569408
26.535102129
25.8320269585
25.2624981403
22.3697698116
18.6375710964
27.6948490143
17.6165640354
19.8897509575
21.7836840153
21.422535181
20.3694939613
23.1054029465
25.8592000008
24.0485839844
19.7702510357
18.4855310917
20.0854129791
23.3452718258
20.0111711025
26.8573319912
18.8981158733
24.4972648621
22.987197876
26.0007529259
31.1648421288
23.3173129559
17.8489100933
26.3235418797
21.5306208134
20.902215004
