Experiment Results
39.7215368748
39.9886550903
40.1152281761
39.811622858
39.6573429108
39.7861378193
39.3501551151
39.3898580074
40.8442418575
38.5397069454
39.4017109871
40.9576189518
39.7761750221
38.9787590504
39.4873039722
40.1149220467
40.3660359383
40.1782770157
39.1822180748
38.7087199688
39.2820341587
39.7246642113
39.0028760433
39.7085411549
39.6258759499
39.7926311493
39.1583280563
39.890887022
40.7056889534
40.7813589573
40.4997289181
39.6965241432
39.5528681278
40.7930240631
40.2985448837
40.8422341347
39.8171930313
39.170514822
39.4927411079
39.8029749393
39.6275119781
39.5298302174
39.0658011436
39.4296338558
39.5026597977
40.5970458984
38.9370088577
39.4854829311
38.963518858
39.0146927834
39.1223938465
40.9775691032
38.7834808826
40.562734127
39.6676368713
38.6020669937
40.1639249325
40.8764731884
38.2493231297
38.9614191055
39.987295866
39.2260799408
39.8955788612
40.5062699318
40.0218920708
39.0470888615
40.264647007
39.5731589794
39.4344940186
39.8932611942
39.4731750488
39.3918590546
39.0575320721
39.2841579914
39.3607189655
39.1457369328
39.3323121071
40.0345699787
39.2503359318
39.8711540699
39.7377719879
40.1956050396
39.6958129406
39.2893610001
40.4444210529
39.7012732029
41.0057451725
39.8543679714
40.1591730118
39.284678936
39.0220739841
40.2472851276
39.9650249481
39.407118082
40.9684789181
38.873388052
38.5893828869
40.0156610012
39.3914000988
39.1830499172
38.9492321014
39.435379982
39.0321819782
40.2754268646
39.9083781242
39.836977005
40.4883480072
38.7827720642
39.9241828918
39.6789879799
39.4552059174
40.7167270184
38.1422030926
39.7863202095
39.0006940365
39.7212088108
39.8478009701
39.9080181122
39.4254071712
39.4871690273
38.5971710682
38.9641189575
37.1945388317
40.3394532204
38.2116968632
39.3651618958
39.2372009754
40.8974299431
39.8349769115
39.9098072052
39.2675349712
39.426913023
38.9146251678
39.299697876
39.634002924
41.1694478989
39.1832721233
38.4630548954
38.7314291
39.8936421871
39.7093260288
39.1265909672
39.30210495
39.7725939751
39.9671738148
38.9581310749
39.405878067
38.5436048508
39.2748310566
39.0678100586
39.8360080719
39.5148689747
40.0018029213
40.3374819756
40.3029439449
39.2397770882
40.0961019993
39.1034600735
40.377273798
39.3288168907
40.1814689636
39.9810049534
39.0692310333
40.3843100071
40.2669439316
39.0595898628
39.9828999043
40.8602368832
40.5621781349
39.6963090897
39.0917308331
39.7528910637
39.3039209843
40.3692641258
40.4350950718
39.3874380589
37.7328920364
39.6949620247
40.2007989883
38.0484728813
39.5609819889
39.5389409065
39.0923299789
40.4112651348
40.247107029
40.0007998943
39.7686738968
40.9466590881
39.4125220776
39.7745499611
39.8012568951
40.4392368793
40.452393055
39.0171210766
40.6738078594
40.0466668606
39.2684130669
39.9808380604
40.1563839912
40.783354044
38.7732770443
40.0007789135
40.3381140232
39.2730751038
39.6377129555
40.1323120594
40.4647698402
39.3791258335
38.9820828438
39.023154974
39.2655279636
39.5446031094
40.3961839676
39.995041132
39.3128261566
40.1691420078
40.0454778671
39.2077920437
39.576677084
39.906291008
39.1754770279
39.0442328453
39.2769851685
39.2766478062
38.9321570396
38.8431789875
39.445567131
38.5582990646
39.657738924
38.3665339947
39.7853908539
39.520802021
39.289525032
38.4732439518
39.2784430981
40.3939311504
39.4981250763
39.3098590374
38.4680538177
39.1945919991
39.7486851215
39.079447031
39.1654040813
39.9650218487
40.0667021275
39.6915781498
39.3296120167
39.7906470299
38.1631100178
39.7830858231
39.465613842
37.9757888317
39.9440050125
37.594340086
40.2470200062
39.3772439957
38.770111084
40.0122721195
40.315472126
38.0922410488
40.111274004
38.8116719723
39.867962122
40.0597028732
38.8637878895
38.0186488628
39.8343689442
37.6860160828
37.5650699139
37.9292399883
37.5771889687
37.5906820297
38.2958900928
39.2342088223
37.4765501022
37.588039875
37.5422599316
38.1631729603
38.2160301208
37.6919801235
38.2993619442
37.8954401016
38.1377649307
37.6049890518
37.8369159698
37.1849069595
37.9649119377
37.8921749592
38.5853121281
36.9291160107
40.1786279678
37.631264925
37.6712810993
37.0900599957
38.7498078346
37.6934950352
40.0197060108
37.606276989
37.9930281639
38.4877400398
39.4371109009
38.4117879868
37.6324241161
37.7908091545
38.3486709595
39.202409029
40.9284579754
40.8135619164
40.0576000214
39.4082429409
38.9266798496
38.7520561218
39.0887718201
37.8638839722
39.3499469757
38.815144062
38.2577121258
38.6702511311
38.6663429737
37.7934160233
39.3590390682
38.3413529396
38.6881358624
37.6125600338
38.5178260803
38.1710751057
38.3683021069
39.4704368114
37.8866591454
38.6494379044
37.9705479145
37.9315021038
37.6274280548
37.8726460934
37.4569990635
37.6751999855
37.9015040398
37.8498830795
38.1544868946
37.8890650272
37.6231951714
37.3768720627
38.8001630306
37.8665809631
37.9553980827
38.3917059898
38.3534138203
37.5987370014
38.2353749275
36.9297499657
39.0298130512
38.6769797802
40.0632901192
39.794490099
38.769739151
38.5855288506
38.9884679317
37.2430419922
37.6386971474
41.4747998714
40.1775660515
39.4113578796
40.0883901119
39.2742030621
38.9245140553
40.8171999454
38.5593230724
38.3562898636
38.2301690578
38.7996909618
38.1138579845
38.8789470196
37.9655659199
38.6726088524
39.3802790642
37.7359719276
38.4438631535
37.1871550083
39.4025890827
36.8630208969
39.9650158882
37.5668540001
37.8948800564
37.8322520256
38.6060438156
37.9694180489
38.0418608189
38.8038959503
38.3778119087
36.8507428169
39.0643861294
37.5112171173
38.486935854
38.675342083
37.2477099895
37.7895829678
37.4853379726
37.3867630959
38.3282380104
39.177945137
41.326061964
37.9697461128
39.6497311592
37.5465130806
37.6786289215
38.7688188553
40.5612699986
40.2151508331
40.0504209995
40.8295450211
39.6400079727
40.3280069828
40.3388600349
39.1930339336
38.4448149204
40.3965799809
39.9516119957
37.8805968761
38.9221360683
36.1562190056
38.4900450706
37.7727088928
38.0961918831
37.9818618298
38.1908969879
38.1875
38.0049898624
38.6315660477
37.9341108799
37.4748029709
38.1299540997
37.2150130272
40.6707620621
38.9278440475
38.1746301651
38.5668168068
38.9312198162
41.1324198246
37.9035019875
38.2923090458
37.7101860046
39.3744590282
36.6201400757
38.0619971752
38.7388870716
38.6184570789
38.5301730633
38.4430289268
37.275788784
37.4366970062
37.8717141151
37.8943099976
37.865031004
38.5573458672
38.1892931461
38.7425198555
37.40279603
39.4774181843
36.5938351154
39.8461430073
39.8544330597
40.55123806
39.8369681835
40.6786310673
40.9168491364
37.5727741718
39.0523030758
37.4152560234
39.1226351261
37.448266983
38.1155180931
39.7960920334
37.8483879566
37.5255420208
38.4849648476
38.900439024
38.3624608517
40.1865069866
40.5900139809
40.1620359421
39.3422369957
39.8432388306
38.3805408478
37.8911271095
37.5185379982
38.3321011066
38.26496315
38.084045887
37.6683089733
38.033796072
39.7196118832
37.748759985
39.8948850632
39.9169371128
38.7132098675
37.8383948803
37.9127869606
37.0717978477
38.5020041466
37.9599640369
37.371776104
39.9143760204
38.7727940083
39.5320661068
37.8646249771
38.4604189396
37.6285049915
37.5375051498
38.6457459927
39.7071838379
37.7991359234
37.8991289139
40.3023431301
38.2825098038
37.7861869335
38.0779519081
38.1350090504
38.5191371441
38.6424441338
38.111164093
37.5316100121
39.0294549465
38.1042268276
37.6356649399
38.4335000515
38.1832060814
38.2338731289
38.8410770893
39.1408231258
38.6057698727
38.1738572121
37.388767004
38.4606790543
38.6343719959
38.0210540295
37.8668649197
38.2512907982
37.4691369534
37.3858389854
38.185683012
37.3025279045
38.3835020065
38.8883931637
37.2552289963
37.6184108257
38.5600481033
38.5412199497
37.4441168308
39.2555649281
38.9636099339
38.187707901
36.2674040794
38.5409770012
38.342017889
38.8928380013
38.1443068981
40.2583470345
38.0083210468
37.9438779354
38.0361089706
38.4174089432
38.0836601257
38.2498948574
39.2859239578
38.0376219749
40.4673719406
38.1993839741
38.2948830128
38.3549108505
38.2698187828
37.8057620525
38.2643818855
38.2486999035
37.9319720268
38.2242379189
38.1923658848
38.6608841419
38.2105240822
38.256526947
37.7518899441
38.9262320995
36.3263168335
38.8139400482
37.7366819382
38.1637830734
38.2638220787
38.8749661446
37.9947907925
38.1582260132
38.4532370567
38.2938609123
37.7606999874
39.871078968
38.4759290218
38.1543209553
38.6009590626
38.8637900352
38.8908281326
37.6724479198
37.7437860966
