Experiment Results
7.005414871498942
11.162960521876812
13.059376832097769
5.675459556281567
13.378947665914893
6.474086865782738
7.080947229638696
6.783224303275347
6.585566831752658
8.694386472925544
6.376640949398279
6.093258561566472
6.890942806378007
9.572391223162413
6.482839442789555
8.65662344917655
7.415573982521892
16.194709595292807
6.471674596890807
10.390144128352404
7.4216114487499
8.501354426145554
8.235374545678496
9.502290900796652
10.864607211202383
14.892426023259759
7.683238364756107
8.088251013308764
15.60970713943243
6.46933332644403
12.706751668825746
9.366906562820077
10.086242340505123
15.395844181999564
6.574068980291486
12.400098280981183
8.081120055168867
8.908410832285881
6.395433289930224
10.171430446207523
12.592119622975588
14.493290750309825
7.676931889727712
7.683246424421668
8.217480631545186
11.776355287060142
8.791664350777864
10.181009331718087
7.891425097361207
7.387095853686333
6.414503302425146
8.274045962840319
9.986181624233723
15.117816414684057
14.596144285053015
14.065958511084318
11.489019898697734
10.9217388946563
6.583532366901636
9.765114273875952
8.208291541785002
6.398578334599733
6.882911574095488
6.279599007219076
13.629999309778214
8.87003312446177
6.494282698258758
11.780328227207065
6.189426373690367
7.107818737626076
15.587857265025377
8.184655137360096
6.590243620797992
13.017355618998408
6.870314655825496
9.304634409025311
7.375451277941465
7.909238928928971
5.977369477972388
6.607314923778176
8.888158801943064
13.59782207198441
6.683127647265792
13.393683867529035
16.799335630610585
8.900877906009555
12.185325061902404
8.686229459941387
7.091198772192001
6.397659737616777
7.289239414036274
9.287935260683298
6.690484518185258
7.6093133594840765
8.182064346969128
6.497506337240338
13.393876180052757
18.22003858909011
14.859962536022067
14.394835472106934
9.777812510728836
8.86052668839693
10.071859298273921
8.39670955389738
7.933013958856463
8.479284878820181
7.303627768531442
9.659638909623027
6.277081331238151
12.383180193603039
14.989812461659312
9.311024785041809
7.947286566719413
8.104152141138911
6.565858485177159
9.892362549901009
6.965986113995314
13.012344475835562
8.080123022198677
14.89673351868987
6.975379087030888
14.408690053969622
16.05681126564741
12.08327161334455
10.391675340011716
9.686387555673718
15.70344103872776
9.186224406585097
9.782291416078806
10.695995332673192
6.969495659694076
9.38354012556374
9.28708828613162
12.496962627395988
11.379467396065593
12.110220670700073
16.57816139422357
13.582139264792204
7.812293054535985
6.795214040204883
17.08819946832955
6.470005525276065
12.160732606425881
11.817380100488663
7.48845280893147
9.422977155074477
15.931509023532271
7.013374922797084
12.695918530225754
9.804000647738576
10.071010060608387
8.112452710047364
11.51043194718659
5.688667867332697
6.95986457541585
11.045223355293274
7.237478155642748
15.9069117680192
7.385056046769023
11.984119344502687
8.319394089281559
19.669598883017898
6.715093914419413
6.160704145208001
9.296199521049857
6.59028022736311
10.19665109179914
8.092890670523047
12.290014257654548
7.663835875689983
11.73145661689341
9.692001612856984
13.902728019282222
6.349890915676951
7.050644962117076
6.2547101099044085
9.709641331806779
12.160048302263021
9.497619705274701
7.288846248760819
6.393437072634697
7.993734057992697
8.09100442752242
7.092282930389047
12.000981137156487
7.0978999473154545
7.600688003003597
7.284630227833986
6.0879509113729
9.092589683830738
6.886041657999158
9.012487847357988
8.29280848428607
7.073613053187728
6.292929232120514
6.397148469462991
7.293193100020289
7.999627999961376
8.389817826449871
6.90692076459527
9.253881139680743
7.15419215336442
7.458033746108413
8.179834177717566
9.669154582545161
11.174929115921259
10.18961544148624
7.584348555654287
7.671289714053273
8.99506469257176
7.414967941120267
6.753529874607921
6.1787477266043425
9.377115165814757
6.485370948910713
13.702580261975527
8.37551261484623
6.584815172478557
10.185608936473727
9.090548476204276
9.007115351036191
10.860824439674616
7.387851459905505
14.305376255884767
7.061623757705092
8.702780006453395
7.189275328069925
9.88478240557015
6.07195713929832
7.000315476208925
7.079517615959048
7.989100813865662
6.907507937401533
6.678444581106305
11.976938754320145
7.802478464320302
10.885764047503471
10.594603748992085
9.98220119252801
14.589594598859549
13.297430120408535
8.889316515997052
11.184814328327775
7.590969061478972
9.896397165954113
6.779226558282971
9.597636867314577
11.384206350892782
7.116331923753023
7.2960968762636185
10.768282214179635
9.011227741837502
6.682204702869058
10.680572563782334
6.200148830190301
9.18391096033156
6.897560242563486
6.3927252516150475
11.290731323882937
8.185455733910203
8.899400569498539
6.6000815611332655
6.875279147177935
6.594111319631338
6.790380353108048
6.593681799247861
6.990741264075041
8.227371405810118
6.690349888056517
6.762657014653087
5.792765449732542
7.489159082993865
6.6045043878257275
9.793994318693876
6.809124801307917
7.494897561147809
8.987695802003145
7.265655383467674
5.697492880746722
6.693021763116121
10.610631689429283
6.8151078429073095
6.651689736172557
8.61943218484521
7.268099533393979
9.100346226245165
9.78322622552514
8.205173272639513
7.626574387773871
7.550215544179082
10.596296913921833
10.03649503365159
14.258266782388091
14.306099608540535
6.684543693438172
6.895500322803855
6.187136681750417
7.083611389622092
6.895253762602806
8.816259207203984
7.338637910783291
12.862445583567023
10.470689047127962
12.170461988076568
10.272914301604033
6.784626005217433
8.664601929485798
6.716631514951587
10.39002781920135
10.757765581831336
12.589325556531549
6.870216764509678
10.001011729240417
8.206034334376454
6.92984738573432
6.6048961747437716
6.586358744651079
10.990170953795314
6.480119984596968
7.291543014347553
6.117205971851945
11.550846379250288
6.0872097332030535
9.485977061092854
7.114487107843161
5.7725378926843405
7.075761230662465
10.090906953439116
12.099324045702815
10.170642578974366
9.512780787423253
16.468077331781387
7.710311969742179
6.46733951754868
9.083322890102863
9.001980664208531
6.985041260719299
6.778309339657426
11.214764907956123
8.763623535633087
16.388063153252006
7.100801069289446
7.845646733418107
10.032424986362457
11.398486180230975
6.385991411283612
8.093916926532984
11.393489561975002
6.683880006894469
9.818634921684861
7.189978605136275
7.168383011594415
10.98724259249866
10.60224193893373
6.877002814784646
6.892032261937857
12.897457346320152
14.89240500330925
7.289833441376686
11.292724380269647
6.385570636019111
6.428767444565892
10.769749714061618
6.776867909356952
8.603293078020215
6.275891566649079
7.1956913489848375
6.990338357165456
11.904122471809387
11.681485189124942
9.306181706488132
9.896876497194171
6.67546503059566
6.520452432334423
6.659266704693437
7.096092253923416
10.29896249063313
13.782104885205626
9.610056241974235
12.297512270510197
11.287989020347595
10.483620224520564
11.892208140343428
11.989149501547217
8.492120899260044
8.088195504620671
7.7967662420123816
8.801631482318044
8.69204916805029
11.38327707350254
7.394889933988452
8.403263494372368
7.0873232670128345
11.56085616722703
15.20798223465681
13.211367297917604
10.892116198316216
7.616008024662733
6.567577121779323
6.196062544360757
10.049223648384213
7.769086174666882
14.493934603407979
7.259418733417988
6.972228365018964
6.913835026323795
10.634338047355413
11.48864840529859
18.797303026542068
7.167952116578817
17.507712733000517
6.557619234547019
7.077990962192416
7.279926892369986
6.9056455716490746
7.967172985896468
9.90885123051703
8.4819316547364
7.910172449424863
20.655938571318984
9.396805161610246
10.878257744014263
7.004134500399232
15.650626065209508
9.402024051174521
15.379321346059442
9.180859722197056
10.080681510269642
7.61129492148757
15.375864395871758
8.078297480940819
7.387314027175307
14.697737453505397
16.39176986180246
7.588468376547098
9.2866335157305
7.282498694956303
9.916861770674586
6.872071072459221
6.179174393415451
6.404653994366527
5.911584669724107
6.773743437603116
6.275984646752477
8.501988710835576
7.778510630130768
10.708558171987534
9.973351309075952
6.528324024751782
9.863876517862082
9.88698528893292
8.090676737949252
7.1958633828908205
10.78604145348072
10.101203314960003
7.612308135256171
6.666430298238993
6.900137880817056
6.374278862029314
6.285643080249429
6.502093322575092
12.093363162130117
13.406716153025627
7.5933707393705845
14.973499804735184
6.285521456971765
10.717609027400613
7.402682572603226
8.859938610345125
7.521704792976379
11.97649210318923
13.604281073436141
8.875424142926931
6.881862983107567
8.295954205095768
9.400449531152844
12.799236759543419
6.780716402456164
12.801608270034194
7.389013892039657
11.087378676980734
7.693150795996189
6.984767887741327
7.428135013207793
12.337968712672591
6.400407170876861
11.239025346934795
9.293802419677377
6.674595844000578
8.088508317247033
6.98821802996099
6.703027108684182
6.883483285084367
6.50988744944334
6.575776409357786
6.000032788142562
6.834989745169878
9.119331415742636
12.030618142336607
6.598599346354604
8.425345761701465
8.752357762306929
9.884264901280403
8.771490005776286
7.257705960422754
15.604943787679076
8.208467353135347
10.759423851966858
13.570782573893666
7.284162152558565
10.010426733642817
6.2644470147788525
10.203408358618617
9.263037648051977
6.279063938185573
6.690414695069194
13.625600725412369
11.94728797674179
14.490760428830981
8.316746043041348
9.2502352129668
7.860962050035596
6.811583770439029
6.497202828526497
7.990860294550657
6.174295587465167
18.29003213532269
14.084605604410172
13.685250826179981
7.683839686214924
8.703752325847745
6.883185304701328
6.782170005142689
7.900069320574403
11.097505167126656
11.066768215969205
7.391211807727814
7.190348353236914
7.71535324677825
10.774142200127244
8.474840806797147
10.188172264024615
14.83103016205132
11.67953435704112
8.961910285055637
8.996552793309093
8.69181052595377
10.891335440799594
15.09353912808001
7.684222653508186
7.389858823269606
6.928261345252395
6.5596757885068655
6.792250065132976
11.572640163823962
9.010568657889962
9.21479644626379
6.59097296744585
7.690527034923434
9.165934268385172
13.285973401740193
8.497375264763832
7.84672262147069
6.741014448925853
9.296305801719427
8.285559644922614
6.898838140070438
6.383434796705842
7.889191774651408
9.499027570709586
6.791609849780798
12.59394347295165
9.29310424439609
8.619167676195502
10.368446042761207
6.683784879744053
8.619010206311941
8.561310021206737
9.027627559378743
9.264872703701258
7.790213134139776
6.79271968267858
7.8173487316817045
6.276187632232904
10.596312141045928
6.978882407769561
6.620210658758879
6.291816052049398
6.078959392383695
7.582027994096279
9.20734678581357
7.781703339889646
9.59758529998362
8.289374588057399
6.992351483553648
7.493772801011801
9.18918695487082
13.432958729565144
7.456617744639516
7.49296167306602
