Experiment Results
208.751328945
305.147221088
303.402904987
303.693515062
303.300570965
205.345381975
279.841551065
287.998028994
302.493710995
230.909823179
227.544430971
227.590294123
226.881461143
303.33010602
283.988006115
226.772906065
229.163931131
204.794987917
219.961098909
219.745923042
269.937084913
229.256833076
226.695527077
243.211023092
276.88282609
227.483339071
200.882436037
205.4798069
227.819860935
228.276226997
303.648648024
206.568025112
205.276403189
227.221072912
230.083476067
226.996608973
211.953803778
205.896863937
303.954367161
201.146080971
228.8945539
227.103250027
202.843959093
209.854918003
236.178959846
229.429211855
204.887004852
228.062238932
260.619683981
249.48503089
228.379462957
205.097650051
227.19015789
242.510615826
281.027112007
228.534772873
242.314559937
180.859821081
204.824604034
207.566411972
227.080906153
204.89664197
302.650297165
227.576579094
228.041793108
235.758293867
205.277893066
227.214668036
204.65221405
231.323536873
303.416851997
303.036549091
304.948321104
247.286887169
227.464706182
303.959335089
205.918063164
213.498264074
231.416910172
214.401384115
233.260906935
231.920618057
273.279220104
231.045017004
209.935424805
229.431514978
234.359129906
266.510575056
229.579171896
290.867573023
206.237735033
266.500883818
205.255607128
208.116306067
304.423324108
228.566483021
202.568425894
296.713862896
257.935976982
231.034480095
206.717572927
305.610612154
303.890399933
305.985731125
306.101140976
207.256853819
281.533497095
290.302017927
304.471562147
232.502371073
229.460846901
228.989407778
229.688894033
305.818920135
285.97526598
232.466071129
231.669896126
208.23269105
220.371526957
219.694852829
270.896472216
230.000548124
229.192840815
246.507606983
275.707139015
229.365969181
205.17168808
210.030751944
233.212124109
228.678038836
307.521106958
204.928477049
206.79719305
228.445057869
230.08620286
229.177909851
215.268390894
206.506750107
307.824405909
201.93289113
230.055734158
232.922370911
202.242717028
211.970234871
242.325930119
228.976297855
207.986998081
231.303263903
263.900084019
255.193224907
229.179935932
205.222260952
230.976385117
242.901364088
281.494534969
231.191457033
245.98140192
183.186489105
208.220185995
206.457934856
232.719495058
205.995144129
306.120812893
228.963822126
227.60321784
237.376109838
206.778520107
229.643373013
207.352420092
235.834267139
306.708752155
305.206904888
305.264405012
249.26254487
229.798507929
306.863435984
205.64952898
211.155506134
234.976235151
217.70228219
229.579093933
230.81163311
272.022523165
228.836419106
207.993671894
230.40485096
231.003128052
266.920687914
233.085823059
290.903399944
207.579730034
269.288264036
207.068726063
207.780209064
307.073506117
228.042020082
202.479081154
299.423287868
262.444366932
231.627534151
206.272316217
307.527128935
304.075237036
304.489463091
304.042929888
208.017552137
284.413537979
288.590152025
307.103704929
232.504184008
228.953359127
227.877223969
233.115059853
307.734840155
285.754068136
229.632946014
229.693269014
206.388970137
221.751825809
222.129740953
272.207508087
229.594369888
231.297435045
247.206083059
277.005610943
229.172970057
202.637750864
207.350662947
227.216304779
228.663914919
304.951576948
205.845304966
207.296539068
231.685882807
230.700035095
232.420456886
216.746165991
208.501629829
307.625608921
204.591276884
229.999158144
227.776119947
206.605365992
211.792210102
238.494576931
234.472959042
205.09893918
229.98418498
267.069365978
251.111553907
231.714376926
205.815373898
232.994498968
244.4701581
284.401527882
229.196504116
244.727511883
181.42689395
211.808614969
206.872498989
229.420024872
206.781396866
305.72961998
229.697190046
228.974484921
240.098637104
204.658100843
228.208081961
207.176820993
233.516369104
306.237653971
306.788747072
303.79856801
249.258666992
228.065222979
306.133888006
206.265690088
210.95978713
230.945900917
217.322571993
231.161011934
232.011881113
269.477949858
228.488652945
207.188319921
228.708683968
227.401649952
265.672805071
228.959311008
289.280035019
206.004333019
272.418691874
205.886415958
207.767982006
306.777158976
229.454081059
202.05380106
299.342528105
259.473850012
231.512337923
209.449976921
305.034525871
303.797440052
306.803288937
304.182937145
206.547094107
283.644549131
288.176985979
305.098989964
231.606091976
230.067143917
230.178430796
229.012463093
307.007402897
286.177349091
229.968672991
230.430377007
210.240129948
223.232668877
221.864895821
271.145287991
228.652884007
229.226014853
243.12024188
279.748944044
229.075742006
204.576628923
208.403423071
230.027933836
231.574317932
307.524353981
205.645992041
205.951086998
230.143610954
231.399122
230.44956398
215.374875069
209.169101954
306.916913986
202.469307184
233.210671902
233.603772879
203.442626953
210.137240887
238.561513186
231.105474949
208.880308867
228.612011909
265.091689825
253.29672718
231.279796124
208.403020859
233.273210049
245.933682919
282.775574207
230.08663702
245.096653938
181.482664108
210.703135014
208.399780989
231.388018131
207.880695105
306.547006845
230.733150959
229.731861115
237.870413065
207.568835974
232.537706137
205.65426302
235.031594992
305.09936595
307.393883944
306.914638996
252.582723141
230.567017078
305.844299078
206.890894175
214.62071085
234.833425045
214.953674078
229.885885954
229.784076929
271.119688034
232.188412189
207.38498807
230.210337877
229.374756098
267.869740009
230.345477104
290.094393969
205.371526003
268.914573908
206.868818998
209.230724096
303.600035191
230.263354063
202.984622002
298.636320114
259.372829199
229.39119792
209.369081974
306.92976594
306.887999058
303.377650976
304.310266018
205.47329998
283.412274122
288.69534111
306.807991028
232.35449791
229.806921959
231.013097048
228.561055183
304.151190042
287.756818056
228.692075014
228.877408981
207.897192001
224.186966896
222.258724928
274.948048115
227.669059992
229.8827672
245.40752697
279.229223013
228.657310963
202.872360945
206.906852007
228.422217846
230.592089891
304.704967022
206.942101955
206.007276773
230.307659149
229.073528051
231.410604
213.977769136
204.798496008
304.834635019
203.540256023
229.405389071
228.891174078
203.191654205
212.09287405
237.300308943
229.752863169
207.512972116
232.111613035
263.527412176
251.693794012
229.558576107
206.368450165
227.112385988
248.822951078
281.98239994
228.518773794
245.760955095
180.872413158
209.379627943
204.91170001
228.708758116
206.085640192
307.736816883
227.866832972
230.875589848
236.517333031
206.569519997
229.836503029
206.881858826
237.382284164
306.617424965
305.914101124
305.480958939
247.15639019
228.413714886
304.826906919
205.430380821
209.4060781
231.710242033
215.365782976
230.994714975
233.328536987
270.882131815
232.953329086
206.45855093
229.957470894
229.576385975
269.119977951
232.572258949
290.055829048
205.231600046
265.382961988
206.503170013
207.385857105
306.454021931
229.968862057
203.660476923
300.308063984
259.521829128
228.469450951
207.378123999
306.242990017
304.977778912
307.086452007
304.720926046
205.552119017
283.522851944
290.169132948
303.524003983
232.043975115
229.084767103
227.318037987
229.175605059
305.486122131
286.278863907
227.562619925
227.612701178
207.686671019
221.990998983
223.581101179
270.318431854
233.89334321
228.789947987
244.802820921
280.489086866
228.379590034
202.470908165
208.799978971
231.517101049
232.182266951
306.250190973
206.458320856
211.487144947
232.393199921
228.468647957
234.512877941
213.285880089
208.327270985
306.81577301
202.824336052
230.528475046
229.803257942
204.142776966
211.32148695
239.854423046
228.514374971
206.595799923
229.712882996
265.89629817
253.907137871
229.076242924
206.76037693
230.035871029
245.587847948
280.990951061
229.790989876
245.058047056
179.735962152
205.466866016
204.815365791
230.501407146
205.579521894
303.017371893
227.648756981
227.092158794
237.227554083
209.447788
231.112145185
209.928526878
236.58616209
304.614661932
305.357894182
304.916459799
246.8306849
229.291558981
305.748219967
205.809874058
211.210384846
229.616243839
213.170339108
227.813777924
229.474900961
271.233577013
229.669307947
207.287827015
230.731786966
229.810327053
265.751747847
230.912591934
290.083277941
207.659859896
265.952261925
206.87371707
208.190009117
307.222655058
229.367228985
204.285283089
296.79148984
260.72738409
230.545068979
