Experiment Results
4.564669908955693
4.260482873767614
4.167576661333442
4.28479896299541
4.4925717283040285
4.259018609300256
4.304842919111252
4.158425943925977
4.388247936964035
4.385072449222207
4.579492064192891
4.485385380685329
3.7942350916564465
4.089509507641196
4.566605523228645
4.586192596703768
4.985762162134051
4.686328429728746
4.6805062014609575
4.508598703891039
3.786567807197571
3.9925840198993683
3.874476622790098
4.2857750821858644
4.786657208576798
4.675296219065785
4.193352134898305
4.485750006511807
3.985737033188343
6.384755710139871
4.504344524815679
4.48135183006525
3.9932029023766518
4.279647149145603
3.6849716268479824
4.288298990577459
4.390629628673196
4.1968416180461645
4.504470307379961
3.968673286959529
4.511302819475532
4.066860668361187
4.095382375642657
4.49047726392746
4.08915950357914
4.718364030122757
3.675865586847067
4.503762869164348
4.176996471360326
4.38118065148592
4.1880184300243855
4.206086510792375
3.7922402881085873
4.080835217610002
5.006918517872691
4.1806807816028595
4.08208385668695
4.197246391326189
4.303175864741206
4.294879110530019
4.273359129205346
4.508474884554744
3.7810542471706867
3.804243817925453
4.410252887755632
4.184744603931904
3.6735123097896576
4.20391789264977
4.175916716456413
4.205343347042799
4.288999289274216
3.3973566982895136
4.085254088044167
4.19361937046051
4.1063796281814575
4.280651738867164
4.28873024135828
3.9864510372281075
4.410319605842233
4.080749623477459
4.495221542194486
4.115536374971271
4.178876651450992
4.094541205093265
3.786766730248928
4.289901826530695
4.902450447902083
4.680086841806769
4.494072575122118
4.3043192364275455
4.094335474073887
4.590682430192828
4.390949681401253
4.487001685425639
3.8046648241579533
4.489470403641462
3.8936330378055573
4.292173575609922
3.9883702602237463
4.097932949662209
4.949228662997484
4.5699783228337765
4.864403337240219
4.9729434214532375
4.5721077639609575
4.59002485498786
7.496691243723035
4.45575681142509
4.603300416842103
4.16793998144567
4.616358524188399
4.553298890590668
4.097106656059623
4.581901805475354
4.390836477279663
3.7727320436388254
4.181504150852561
4.582434015348554
3.918644655495882
4.270129797980189
3.877797558903694
4.403583060950041
4.4668935388326645
4.389270631596446
4.18009564653039
3.686075959354639
4.2937604598701
3.8836588971316814
4.295047273859382
4.083320906385779
4.3824482671916485
4.303892044350505
4.473146069794893
4.593092117458582
4.499999642372131
4.57527787797153
4.208490075543523
4.076000824570656
4.484582483768463
3.687266532331705
4.508601671084762
4.186287486925721
4.191202661022544
4.481821928173304
4.585255848243833
4.303055230528116
4.08051173388958
4.609000401571393
3.8760535269975662
3.7893099393695593
4.4875293374061584
4.50134501978755
4.089206537231803
4.286063188686967
4.203813310712576
4.185454249382019
3.9935745261609554
4.282587829977274
4.724643029272556
3.862703064456582
3.9949397929012775
4.096802342683077
4.400431778281927
4.477212700992823
4.711801158264279
3.970542125403881
5.406787062063813
4.677770249545574
6.106481954455376
4.076442366465926
4.303821261972189
4.087504768744111
4.701931618154049
4.377491706982255
5.212601086124778
4.775817776098847
4.490834321826696
4.890795677900314
4.4962870310992
4.299014052376151
5.39044626802206
3.701927101239562
4.196324309334159
4.18702694401145
4.293141458183527
3.986815307289362
5.10404421761632
4.2833466455340385
4.199265005066991
4.778516052290797
4.509796168655157
4.076043641194701
5.005597164854407
4.804102459922433
4.996492920443416
7.6955403331667185
4.574359115213156
3.99797641672194
6.484074514359236
4.0135593712329865
5.936788292601705
4.867846131324768
6.386120334267616
4.766632046550512
4.97112606652081
4.458265848457813
4.912625772878528
4.25963038764894
4.388020059093833
4.6827333234250546
4.783747980371118
5.394993495196104
4.7705934680998325
4.791451565921307
4.276940232142806
4.721228696405888
5.557818252593279
4.979017900303006
4.486404653638601
5.489821057766676
3.8456275053322315
4.728478001430631
5.981183363124728
3.6848259642720222
4.393265567719936
4.077582258731127
4.399467837065458
4.590179791674018
4.0839937552809715
5.707995196804404
4.903702221810818
5.344278234988451
8.097873175516725
4.540400797501206
4.653355594724417
5.667827412486076
4.985228516161442
5.2915431428700686
7.1130042262375355
4.574446415528655
5.188790177926421
4.08101605810225
3.795954145491123
6.098533434793353
4.4981972221285105
5.689647691324353
4.188266286626458
5.2799932062625885
4.493308404460549
3.617133444175124
5.369868621230125
5.183634698390961
4.488952385261655
5.089793484658003
4.995352033525705
6.2875911723822355
5.679129445925355
4.689979717135429
3.710292227566242
3.592251133173704
4.603655185550451
4.563601916655898
4.20360186509788
4.905576076358557
4.277685429900885
4.784534903243184
8.606755977496505
5.589992361143231
4.176934668794274
3.8240506425499916
4.169622944667935
4.506343875080347
4.5891126692295074
4.487800305709243
5.231120623648167
6.054640209302306
5.3894570749253035
5.800748767331243
4.776756146922708
4.599466808140278
3.9917848147451878
4.791923066601157
4.503005148842931
4.979391464963555
4.501519514247775
4.084645960479975
4.308524182066321
4.595508944243193
4.377126794308424
4.498321341350675
4.797025825828314
5.094669211655855
4.7961014322936535
4.684896536171436
4.88950527459383
3.998932685703039
3.994666328653693
4.6175520196557045
4.562894331291318
4.703384900465608
6.261485863476992
4.7673834301531315
5.755005436018109
4.490122426301241
4.6606409680098295
4.98941863514483
4.856690134853125
4.609316876158118
4.063965901732445
5.199370061978698
4.069432035088539
6.09213394485414
4.691877216100693
4.381804473698139
4.381615195423365
5.184324653819203
4.8032758720219135
7.396693989634514
5.657203037291765
5.5981536246836185
4.682864010334015
4.580479338765144
4.407208962365985
4.486919621005654
4.375866267830133
4.670255661010742
4.0983861759305
4.374233966693282
5.0142218824476
6.368315793573856
5.070235038176179
4.404994605109096
4.590813837945461
5.078202771022916
4.695334123447537
4.781826671212912
5.09446144849062
4.783530492335558
6.887609077617526
5.486787075176835
5.605621926486492
4.4804725125432014
5.1990567073225975
8.481847289949656
5.985932193696499
4.986739305779338
5.803382787853479
4.084784345701337
4.393914898857474
3.8021181244403124
5.677364472299814
4.707399003207684
4.504287285730243
4.108017353340983
4.145767768844962
3.8097457494586706
5.2835772801190615
5.604245349764824
4.083688221871853
5.078279253095388
5.486500384286046
4.621244594454765
4.580348512157798
4.802088633179665
6.267813801765442
5.507571421563625
5.117537219077349
5.055620772764087
3.992906518280506
4.999590378254652
5.288658086210489
5.592972995713353
5.701413800939918
5.579518526792526
5.296902149915695
5.787328861653805
5.318013768643141
5.573328725993633
5.500334350392222
4.92792222648859
4.739414578303695
7.017450787127018
6.1827804278582335
5.585247604176402
4.703886207193136
4.492292484268546
5.385846517980099
4.5060839876532555
4.996269820258021
6.677583189681172
3.9905289243906736
6.406559886410832
5.937279544770718
5.043122040107846
4.700982443988323
4.592884479090571
4.583008106797934
5.19902310334146
5.292511833831668
4.4994986187666655
8.93798908777535
7.268895115703344
6.260710155591369
5.177208498120308
4.974458329379559
5.295248610898852
6.270362325012684
4.5772665701806545
6.3968883119523525
6.383742235600948
4.677504329010844
4.994515074416995
4.380963983014226
4.478709939867258
5.179714072495699
8.281451601535082
6.500565217807889
6.472819652408361
5.41022827103734
5.982979651540518
4.794300280511379
4.562717154622078
4.58260552957654
5.4122349712997675
4.471775276586413
4.202689407393336
6.564446799457073
5.694383332505822
4.178728623315692
5.693837061524391
5.3899911865592
6.377103986218572
5.306588934734464
5.457725148648024
4.810143981128931
4.990981495007873
4.68525081127882
5.091566123068333
4.798336770385504
4.87453512661159
6.005668427795172
4.374364256858826
5.100637627765536
6.292359817773104
5.092215029522777
4.376084195449948
4.704877795651555
4.77565436065197
4.207776268944144
6.779462805017829
4.393717814236879
6.302438646554947
4.3837861977517605
5.886260403320193
5.495058368891478
5.291977435350418
5.611141534522176
4.163974391296506
5.0954523384571075
4.304487116634846
4.88796953484416
4.284215074032545
4.714302496984601
4.482101576402783
5.398581374436617
4.880626713857055
4.2053795754909515
4.690620006993413
4.479889575392008
4.388483162969351
4.498480975627899
4.200142497196794
4.1777955293655396
4.9964466989040375
4.698285158723593
4.4861289616674185
4.501353485509753
5.714165728539228
3.789632109925151
8.979152886196971
4.4833760522305965
5.3881522584706545
5.2099928967654705
4.886558840051293
4.282016990706325
5.394856549799442
5.995660539716482
6.225614331662655
4.865779280662537
5.294682066887617
5.1999376602470875
5.912223590537906
4.66475523263216
4.490257183089852
4.689963076263666
5.608543893322349
6.578750379383564
5.2074124366045
5.782145528122783
4.222748154774308
7.0273976512253284
5.481702582910657
6.247822260484099
5.489775739610195
4.673422837629914
6.363119529560208
9.809732308611274
7.458979489281774
4.886389907449484
4.583077570423484
5.383493067696691
6.186200715601444
5.381207812577486
5.0812105145305395
5.702325163409114
4.38528248667717
5.271544191986322
6.23951343819499
4.360189529135823
4.360987460240722
8.896264806389809
6.980033446103334
5.7753637451678514
5.1944659277796745
6.685259118676186
4.293279865756631
7.09359429217875
5.278820710256696
3.998132921755314
5.392296135425568
5.96445844694972
5.488291520625353
4.500544970855117
5.398499017581344
6.773313945159316
4.310773119330406
4.371036496013403
5.101036988198757
5.948369873687625
6.7134451530873775
5.661160482093692
4.785776421427727
4.486572969704866
5.1948719546198845
3.886786498129368
4.498326102271676
6.510330364108086
5.361158344894648
5.191928867250681
4.511035807430744
5.382748590782285
4.589995741844177
6.190649814903736
5.1802913676947355
4.691544961184263
5.81018784083426
10.078412093222141
5.189770275726914
4.811090825125575
6.470026621595025
4.688340259715915
4.901348324492574
4.016568515449762
5.175216430798173
4.8126120790839195
5.1924364902079105
5.601715447381139
4.281830633059144
4.497252034023404
4.295667657628655
4.225313136354089
5.667967354878783
5.675212042406201
4.397620853036642
5.500255674123764
6.306102806702256
5.070287384092808
4.198739882558584
4.386021571233869
6.0972370486706495
4.504433210939169
6.097606368362904
6.676519637927413
5.938434239476919
5.86376223154366
4.773531096056104
4.907838089391589
3.8823084887117147
5.305005786940455
6.285965468734503
3.8858728483319283
6.407639367505908
4.180017398670316
4.910794261842966
3.9778788443654776
4.409120937809348
4.976409090682864
4.991151638329029
4.500514822080731
4.29528715275228
