Experiment Results
15.2772929668
11.5302169323
11.7602689266
11.7998900414
13.1338949203
11.4172899723
12.1742801666
11.9902191162
11.5673599243
11.7970387936
12.5144290924
11.572191
12.2334270477
11.7271230221
11.4926030636
11.5396769047
11.5523381233
15.0092959404
11.0851709843
11.9466400146
11.3744609356
11.4925131798
14.2348649502
11.8122749329
11.8566448689
11.2664999962
14.5701918602
11.5988230705
11.3818030357
14.3880710602
11.5481569767
11.6944987774
12.6744477749
12.1297399998
11.3036699295
11.2669069767
14.9988279343
11.3725860119
11.4970109463
13.1746020317
11.8548598289
11.7983911037
11.3420729637
11.5371789932
11.6437730789
11.9258649349
12.9906201363
12.3995499611
11.896253109
11.3473730087
12.9752140045
11.3975439072
11.5481359959
12.2260680199
11.8593599796
11.9033360481
11.8594479561
11.3207190037
11.5705461502
12.3957619667
12.6472408772
11.5258688927
11.2588179111
12.4557409286
11.6921389103
11.1755750179
11.9375
11.1398961544
11.7959010601
11.4285399914
13.4319560528
11.5090618134
11.6844000816
11.8030209541
11.204515934
12.3198001385
13.3688831329
11.3485779762
12.4501302242
12.946048975
11.6607568264
11.6441390514
11.6501858234
13.208039999
12.1806969643
11.4378490448
11.0532910824
11.4448051453
11.8380010128
11.2043449879
11.6567299366
11.6122729778
11.6915950775
12.7639100552
11.6066958904
11.7558350563
11.116410017
11.2912728786
11.5420379639
11.6365377903
15.6268539429
11.9047889709
13.5109789371
12.20104599
11.547355175
11.5155711174
13.3848838806
12.081455946
11.6586179733
14.5608508587
12.115530014
11.4413530827
13.7194998264
12.032886982
12.0915548801
11.8475468159
12.2088210583
12.9553971291
11.7533318996
11.4063379765
11.5834679604
12.0109701157
12.6388609409
12.5206189156
12.1205101013
11.4746210575
11.9645941257
12.3986480236
12.2702879906
13.186907053
12.147632122
11.6745100021
11.3971130848
11.6615290642
12.0829291344
12.1857562065
11.6552670002
11.5967030525
11.5656590462
11.8664519787
12.269755125
11.3427278996
11.6020851135
25.3063211441
11.9144058228
11.3291940689
12.7492640018
11.3629798889
11.4193189144
11.6287469864
12.6894471645
11.2259130478
12.7710518837
13.2637529373
11.8624820709
11.4754550457
11.3155910969
12.2854909897
11.7056028843
11.2018990517
11.479033947
12.2591428757
11.2859759331
13.6913580894
11.2792620659
11.1860580444
12.6904599667
11.5711488724
11.9994239807
11.6025989056
11.3844499588
11.6807549
11.8820610046
11.6136610508
12.2482099533
12.8852131367
11.3662619591
11.308827877
11.5010521412
11.7367210388
11.5904579163
13.5857870579
12.3060278893
12.0577669144
12.2071809769
11.3090450764
13.6258559227
11.7544591427
11.0831968784
12.1448659897
11.5790011883
13.1994979382
11.2130870819
12.6946680546
14.3286178112
11.6180429459
11.595941782
12.2038879395
11.8016500473
11.1933710575
13.2232058048
17.243407011
16.6174218655
11.8885538578
12.4389331341
12.036842823
12.7642080784
15.2200582027
12.3642539978
11.9453101158
11.7777428627
13.6932048798
12.6887769699
12.1287970543
11.7625718117
11.7884521484
12.2626929283
16.188190937
12.0762388706
13.5649180412
11.4754140377
11.231910944
12.7343680859
11.8697011471
11.5751099586
11.6667571068
12.55301404
12.3759000301
12.9176280499
19.7741518021
12.8009779453
13.9441928864
13.4963440895
11.0721859932
11.9683918953
11.3948359489
11.1753468513
11.8986160755
10.9477229118
11.4029362202
12.7530229092
11.4266328812
12.740421772
11.4909408092
11.4610590935
12.0007619858
11.1264629364
11.2548220158
11.2857980728
11.2523679733
12.2799520493
11.3301830292
11.9045817852
11.3536319733
11.6489729881
11.2165429592
11.4845428467
11.5795168877
11.7905299664
11.2935550213
11.4477350712
13.3333878517
11.8296401501
11.0689399242
11.3305771351
11.6147019863
15.0545020103
12.7166669369
13.3832120895
11.1647341251
13.2886841297
11.3295068741
11.6421000957
20.2847311497
13.5471098423
12.9238319397
11.3065190315
11.3541281223
12.7454140186
12.2965409756
11.2528481483
11.7001569271
12.3844809532
13.5884549618
11.3227059841
11.4519369602
11.6595640182
12.138630867
11.4308540821
11.6025078297
11.1111578941
11.5563111305
11.9986121655
13.7294569016
11.7375791073
11.4944200516
11.7818160057
11.1034560204
11.4875030518
11.1948459148
12.3618059158
17.2319219112
11.9675009251
12.7402169704
12.186496973
12.222110033
13.9970569611
13.1859359741
11.9274148941
11.4879789352
11.4639399052
11.9651761055
13.7784309387
13.4699480534
11.5756759644
11.3023061752
11.4498429298
11.3379900455
12.4336190224
11.4791779518
11.1248679161
11.9852981567
21.1550381184
15.5910420418
11.6875991821
12.2310519218
12.4372189045
12.9544138908
12.2450900078
16.8247201443
13.1734628677
11.4586589336
14.691917181
12.7492940426
12.896914959
11.6187889576
18.3823049068
11.2143797874
16.6644380093
13.8853650093
12.8306910992
11.4570920467
13.3859751225
12.0990450382
11.3902189732
11.6501231194
11.0843920708
12.5847320557
11.3925979137
11.3631680012
11.9182479382
16.2053661346
11.7320091724
12.6633858681
11.1941831112
16.5277810097
11.9459071159
11.7627840042
11.4503118992
12.8379778862
12.6984410286
12.4198961258
12.8544239998
11.8530750275
16.7805669308
11.3145239353
13.6505961418
11.5411179066
11.3276400566
11.614492178
11.8575620651
11.2729718685
11.1533010006
11.0767009258
14.5866100788
12.3731911182
13.5106451511
12.1694710255
11.4379911423
12.026198864
11.0057358742
11.5930469036
12.0875680447
11.0553209782
11.7396130562
12.196693182
14.486880064
11.96667099
11.3865089417
11.1981010437
11.6331601143
11.4609959126
14.0681481361
13.2991280556
11.0995130539
12.167222023
13.2333779335
11.3296871185
13.2852809429
12.4323439598
11.7594499588
13.8418629169
15.2273879051
11.6222989559
11.5674037933
11.9729690552
11.6897070408
14.0265262127
12.1707890034
14.4626631737
11.1819281578
12.5188732147
14.1390209198
13.565636158
12.5654752254
11.4989948273
12.3514001369
12.2506968975
13.9771339893
12.6806948185
31.5954339504
12.7899711132
11.7550899982
11.6679239273
12.5087490082
11.3499119282
11.4981639385
12.0412678719
11.1857759953
11.8020060062
11.3440129757
11.7885110378
11.481552124
12.3901259899
11.8880848885
11.7576668262
11.4115099907
11.8634369373
12.6719670296
11.8845667839
11.5894839764
11.3985869884
11.5484158993
11.4789118767
11.6738290787
12.0778100491
12.3289079666
11.7656669617
11.3727669716
11.3546829224
11.8913829327
11.3959920406
11.8851630688
11.3824100494
11.6122670174
11.4549269676
12.2602398396
11.3106989861
11.4917860031
11.997852087
12.3327069283
11.6803729534
11.1342971325
12.1275038719
11.807970047
11.3287448883
11.3956649303
12.2984158993
11.5374689102
14.6831099987
11.7105951309
10.9718601704
11.3214480877
11.1431801319
11.1960511208
11.6174581051
11.2921960354
11.4863879681
11.6832418442
11.6724100113
11.7952101231
11.5842719078
11.7941298485
11.1854870319
13.7852189541
16.4738988876
11.4065589905
11.4823861122
11.1090779305
11.4168009758
11.3576519489
12.1937348843
11.3634970188
11.3131120205
11.6048810482
12.360065937
11.2826528549
12.3062357903
11.8751070499
11.2929470539
11.4419310093
15.0960710049
14.6431658268
11.6341090202
11.0961461067
12.3192100525
12.369289875
13.1532189846
13.2591791153
11.4641439915
11.4169199467
11.8491621017
12.0053560734
13.4468631744
13.5751550198
12.0697569847
13.5548830032
13.3915410042
13.5755429268
11.4682199955
12.4864659309
12.692399025
15.5731928349
12.087733984
11.6329529285
14.263988018
12.7640829086
12.6954360008
12.3767390251
13.1558609009
12.3888158798
11.5596618652
11.4127430916
11.5843348503
11.6402640343
11.4590570927
11.5885300636
11.8819699287
12.677426815
12.4063601494
12.7153270245
15.0410990715
13.5355520248
12.4056851864
12.790170908
11.5968520641
12.8636190891
11.8329911232
11.1494288445
11.8294429779
12.8928489685
12.9039931297
11.7973611355
12.2316770554
12.124502182
13.7375199795
12.3234398365
11.7180409431
11.3864638805
13.737557888
12.2239248753
13.681773901
11.883453846
11.1711070538
12.1219191551
13.2004158497
11.3877580166
12.3141679764
11.3557889462
11.8629751205
12.7019999027
17.5479691029
12.1190190315
11.2192399502
11.366133213
12.2652790546
12.0943279266
11.6883599758
11.1776559353
11.5111470222
11.041675806
11.6348791122
12.1798040867
12.1757581234
13.2141749859
11.7637648582
12.0872030258
11.8233850002
13.1273288727
11.562349081
12.3217010498
11.9615681171
11.6450619698
11.5655429363
11.9510130882
11.4864249229
10.6946918964
11.1610841751
12.7840890884
13.4942440987
