Experiment Results
10.8354821205
15.8167788982
16.4374389648
15.5533168316
15.5334639549
11.5020599365
14.4349708557
14.8877251148
15.1106038094
12.6581180096
12.4912729263
11.7701449394
12.9388699532
15.9160740376
15.020170927
12.5185611248
11.631467104
11.737226963
12.7168061733
12.1996569633
13.8125369549
12.4364058971
12.1933438778
13.8462898731
14.9246327877
11.9336659908
11.182819128
11.878554821
11.8259129524
12.987267971
14.8669598103
12.2239060402
11.6891930103
12.1715781689
11.5893480778
12.9247658253
11.1893188953
11.307035923
15.4604210854
11.8401200771
12.0512888432
11.7087168694
12.0827598572
11.8139178753
11.9966590405
11.6831889153
11.3985159397
13.2379910946
14.4103131294
12.3862278461
13.1372680664
11.9914629459
12.317948103
12.5374028683
14.4099199772
12.840077877
13.8085520267
10.1759688854
11.2764770985
11.4925460815
11.8036391735
11.3017258644
14.9710950851
12.3231949806
11.9885571003
12.5129768848
11.2815449238
11.1976239681
11.2975530624
12.0689229965
15.6869029999
15.2292048931
14.8592989445
13.094807148
12.0077929497
16.381251812
11.5291650295
12.0222361088
12.1777300835
12.277723074
13.0091378689
14.2211220264
15.1277029514
12.4226469994
12.8942980766
13.6502099037
12.4475409985
15.4381980896
14.8397519588
15.965941906
13.5268230438
14.1289641857
13.3025751114
12.2783589363
18.3154089451
12.9632980824
11.8963739872
16.8343629837
13.0866639614
13.5757761002
13.5771329403
20.5408189297
18.9148640633
16.7799007893
19.8704879284
12.3534450531
14.9977200031
17.0197019577
16.9978699684
12.7014529705
13.9773287773
13.578717947
12.8229420185
17.3449690342
16.1241497993
11.8570320606
14.855214119
11.8537769318
12.7988390923
11.9501881599
15.2555351257
12.8652880192
13.2001941204
14.8517301083
15.2451901436
13.2824580669
12.9852590561
11.8099839687
15.9083411694
12.272808075
22.2191541195
12.2524578571
11.904790163
13.415405035
13.0987379551
13.1042442322
12.8543021679
11.5856180191
18.2925970554
11.7795379162
13.654558897
15.5325062275
12.2471768856
12.6598320007
15.6039531231
16.2353229523
13.9283349514
17.4040670395
15.0289430618
14.8858499527
12.7093570232
12.7922229767
12.4820821285
14.9696462154
17.245857954
12.8591971397
13.4132409096
10.8393418789
14.219586134
12.5136508942
13.7021291256
11.8629860878
18.2734129429
12.7127428055
14.4387500286
12.5127990246
11.9769098759
13.1555039883
12.8154990673
13.5880579948
18.0257110596
17.9765410423
16.1822910309
14.0125830173
13.387567997
16.6323540211
13.1905939579
11.9489820004
13.2883908749
15.3950970173
13.3718519211
15.5137808323
16.0698029995
12.1064338684
15.30930686
12.6022131443
15.5180311203
16.2161660194
13.6602449417
16.0090119839
11.6584310532
15.362375021
12.7986068726
11.3266479969
21.6740498543
13.554484129
12.4902760983
19.7586688995
14.2568919659
13.2400999069
12.8222379684
18.1462769508
18.9636900425
16.6783151627
16.4049918652
12.7322020531
18.2070281506
17.1896779537
17.337857008
14.0747640133
12.8744580746
13.5305600166
14.8522591591
17.981306076
16.3558750153
12.611989975
14.5317969322
12.9892570972
12.2837438583
13.6161699295
14.6198821068
12.4584410191
13.1289131641
14.1080977917
16.3866560459
13.1988260746
12.2997748852
14.1322238445
16.8016219139
12.2362639904
17.5915498734
11.4593219757
13.4976110458
13.0948708057
13.1801948547
13.3845980167
13.121970892
12.6507761478
15.6934280396
12.9490849972
12.0196011066
12.6446340084
10.9648339748
13.3193571568
13.4540810585
12.5500171185
12.5720379353
12.1371021271
14.3968009949
14.9605801105
12.7131989002
12.6645069122
15.6442470551
13.2601211071
16.1439740658
11.9376339912
14.0211219788
10.3251950741
13.2086439133
13.7412800789
12.6561841965
12.1061341763
17.0608718395
12.6961729527
12.7808229923
14.4091739655
12.7167608738
13.2558219433
11.7673168182
12.778512001
17.1435821056
18.9074938297
16.6247420311
13.742743969
12.817595005
17.5805881023
11.8410818577
12.2972471714
13.7996230125
12.4907951355
12.2746040821
11.8948540688
14.7379128933
12.5325670242
12.7243778706
11.0585529804
13.9479250908
16.8431069851
14.2078740597
16.7473511696
11.9606649876
15.4290990829
12.4457399845
12.3832111359
17.386950016
12.4194018841
12.2794349194
17.471503973
14.4879820347
12.2349159718
13.8914210796
17.4815590382
16.0128619671
16.9528939724
16.9195928574
13.0027570724
17.4454350471
17.0873761177
18.1062588692
12.7476830482
13.1853048801
13.2878308296
13.3867280483
15.867000103
15.5933451653
12.2388179302
13.3160259724
12.9588620663
15.7167880535
14.4839961529
17.7101008892
14.2716288567
11.8052339554
14.3068470955
15.8349399567
15.2182579041
12.7873198986
15.124464035
14.6027789116
14.10790205
17.5427029133
12.1079959869
12.4157831669
13.68177104
13.3163809776
12.8973891735
13.6807758808
14.2722790241
19.65158391
11.304931879
13.2384951115
15.1978580952
13.4576261044
14.6490972042
13.8741309643
14.473402977
13.7193901539
13.9833450317
15.7078080177
13.9486119747
15.5354220867
13.0597569942
14.0711581707
15.7058238983
18.0749309063
14.6608490944
14.5035588741
10.9472119808
11.7266290188
13.7864019871
13.9781739712
12.7318789959
18.1374168396
14.0497660637
12.8743441105
12.1129670143
12.4680819511
12.09643507
14.2344691753
13.8882329464
18.1642091274
16.9787991047
17.4931721687
12.7620079517
14.9584980011
17.0650169849
13.2232677937
13.3029448986
15.0254170895
14.2250809669
14.4194540977
15.1089251041
14.7402060032
13.8631229401
11.5988788605
14.1479730606
13.809773922
16.0263719559
14.7576348782
16.0481719971
13.7434699535
14.7259399891
12.2810778618
12.2230618
16.9222168922
12.2703509331
13.3426659107
17.4118590355
15.7213878632
12.6404891014
11.8169679642
19.0589330196
20.094427824
17.8768188953
17.727437973
11.7349829674
16.0956470966
15.6748969555
16.9713778496
15.3254079819
12.4979689121
13.6654379368
15.3928439617
16.6180210114
14.979847908
12.3665771484
15.5859849453
13.51719594
16.720293045
13.7871551514
17.1339859962
12.0949599743
16.4484679699
15.2006840706
16.4427709579
13.04906106
14.4556210041
12.5269720554
13.9094660282
11.9538631439
17.9031739235
13.081897974
14.4332489967
16.1669352055
15.8239791393
15.328111887
12.5510029793
12.5821499825
18.8610990047
12.2014219761
16.1180958748
17.7240660191
12.0505890846
12.5733408928
14.2333850861
14.0505919456
12.2555170059
17.0888309479
15.613065958
15.0674309731
15.576212883
13.5086760521
15.396584034
13.52760005
18.1474578381
15.5961129665
15.4303269386
12.7553300858
19.287197113
17.725924015
13.581403017
12.6318900585
19.5355401039
13.443518877
15.7668831348
14.5133841038
13.0969569683
16.557708025
14.9374129772
14.430316925
17.5082910061
16.3026990891
18.5249750614
14.6175689697
12.4534451962
17.8865530491
13.090143919
13.2216160297
12.5092060566
13.7692611217
18.9153139591
13.4342978001
16.0801451206
12.0765140057
13.4668388367
16.8726038933
13.0194628239
14.6293768883
12.4559071064
17.5027427673
11.9746239185
17.3476130962
11.5457019806
12.9923450947
19.225880146
14.2010130882
12.7541351318
16.9729118347
19.1450400352
12.7686920166
14.2935349941
19.2607550621
18.6602120399
19.0197839737
16.901170969
13.6310329437
17.6765890121
16.8389708996
18.4169318676
12.6334159374
13.5751218796
15.6228091717
12.6803228855
23.1799678802
15.8697490692
14.5167319775
13.9917631149
13.9295470715
14.0951700211
12.4733829498
16.2416040897
13.426181078
14.0990540981
18.2431979179
18.6341230869
12.4428520203
14.7755351067
15.1389570236
11.9627559185
17.3956830502
19.0842652321
12.1934440136
12.6036200523
18.2753369808
15.396723032
18.0202410221
13.2095329762
14.9396238327
19.8063948154
11.3771250248
12.0264999866
13.8065578938
12.827532053
14.8323888779
14.715875864
12.7699098587
14.8167948723
13.2888801098
17.1078829765
16.4722650051
12.1715428829
13.319106102
15.0065720081
14.317207098
18.3150901794
11.933314085
14.2283358574
10.324819088
17.3392231464
14.7151019573
16.8709518909
12.5962119102
20.3595230579
15.3255310059
12.0943889618
12.7332110405
14.0873129368
13.3122839928
11.3514139652
15.5375390053
21.8240358829
17.4023659229
18.0086970329
16.6284430027
13.1560108662
20.0039877892
11.9049801826
16.7897789478
12.5818908215
16.1146709919
15.76917696
13.4095160961
16.8684179783
13.6312880516
14.1666798592
15.7160210609
15.506538868
17.017318964
14.1458699703
18.8297379017
11.5481309891
16.7647938728
13.1308591366
14.7286798954
21.7428019047
15.8241789341
12.4194669724
19.1264958382
15.268171072
13.8412699699
