Experiment Results
40.1284658909
40.1419329643
39.5572748184
40.7578549385
41.5544989109
41.7396309376
41.406566143
41.195430994
40.9933941364
41.1361851692
40.2129480839
40.8023488522
40.8979160786
40.9878270626
39.8621628284
39.934926033
39.4854009151
40.3666360378
40.1649279594
41.0401790142
40.301970005
40.9243190289
40.3705370426
41.0375320911
42.3005721569
41.4666590691
40.812871933
40.8392050266
42.0420529842
41.9950499535
40.3517529964
40.601774931
40.5947830677
40.7630748749
40.7870569229
41.2531518936
41.0753240585
40.8858718872
39.8220121861
40.6278309822
40.2125389576
42.2099649906
40.7056319714
40.7953238487
40.5124158859
40.6247451305
39.9939749241
40.8757498264
40.8361160755
38.2204260826
40.9749848843
40.9309201241
40.5449540615
40.7888739109
40.1315770149
41.0765869617
40.0597798824
40.4576880932
41.0838639736
39.6908462048
40.5353331566
40.7993509769
40.2813081741
40.0844550133
40.7010481358
40.8276071548
40.3134570122
40.3274669647
40.6634271145
40.5439181328
39.6767988205
39.747481823
39.3811380863
38.976388216
40.8923749924
40.6921989918
39.7564239502
37.9549248219
41.2305219173
40.3495790958
38.5950198174
40.4218859673
40.4490451813
40.8986999989
39.6890308857
41.7091109753
40.5643939972
40.354820013
40.1961979866
38.1266901493
40.1448500156
39.7094900608
40.8011848927
40.2625489235
40.3040380478
39.6583859921
40.7037580013
40.2292180061
38.1579289436
39.5106911659
41.7595458031
39.1366479397
40.7665040493
40.833616972
40.1028621197
41.1322882175
40.1914889812
39.6663610935
40.0679318905
39.4407789707
40.3823289871
40.7618560791
37.15396595
40.7649300098
39.510904789
38.2158210278
41.0784709454
40.3688840866
39.4378519058
38.2013940811
40.1801080704
40.3450419903
38.4567131996
40.6035618782
40.6905388832
40.3275461197
40.4350919724
41.1084198952
39.7665739059
39.2674469948
41.6545681953
40.8820221424
40.4539949894
41.3808951378
39.5697090626
40.4469070435
41.3961820602
41.6682629585
40.9611611366
40.0834748745
38.8816699982
40.2577970028
40.8776590824
40.2020521164
41.013561964
40.5855579376
40.1623280048
39.7807450294
40.5081529617
40.129142046
40.8890509605
41.0756440163
41.7799270153
40.7327959538
41.9114050865
41.126019001
38.9973871708
41.0220911503
40.6138119698
39.7064828873
40.5924391747
40.0064659119
40.1735248566
39.5564851761
40.8629901409
40.3823900223
40.6977169514
40.2814269066
40.6811640263
39.8215410709
39.968444109
41.2809782028
39.4726009369
41.078783989
42.3546199799
40.3951570988
40.5922980309
39.617729187
40.8650250435
41.0700838566
40.7207739353
39.8394949436
40.3548362255
39.5573291779
40.6655540466
39.5254600048
39.6497571468
40.1863610744
41.0921018124
40.4191999435
39.2128040791
40.1345570087
39.9820649624
41.9903700352
40.6638569832
39.7693390846
39.7388491631
40.6862130165
41.4506721497
40.4836361408
40.6174960136
39.3626689911
39.2110669613
40.091354847
40.0179738998
40.1483809948
39.7721009254
41.2071359158
40.8518600464
40.9520480633
40.3686659336
40.6186909676
39.1296908855
37.7066111565
41.2691891193
37.9053611755
40.3969261646
40.2882399559
40.2480330467
41.4028189182
41.1573939323
40.2610881329
39.3657720089
39.9059069157
40.1467308998
41.5892848969
40.6279859543
40.5893089771
40.959980011
40.5505878925
38.969263792
41.2158310413
40.042345047
39.2482478619
39.6580550671
40.8550109863
39.1774730682
40.7724559307
41.0965349674
40.8874120712
40.4626200199
40.6524431705
40.577903986
40.3361868858
41.0978081226
40.1742470264
41.2196609974
41.9297199249
38.2303228378
40.7436079979
40.3328092098
42.760217905
39.7339301109
40.8167021275
40.6311099529
41.1280019283
40.2125141621
41.234306097
40.5208559036
41.2589550018
40.8126349449
40.9448218346
41.0925619602
40.8494517803
41.0467669964
40.8734779358
40.5257608891
40.1858198643
40.5004470348
38.900375843
40.0026450157
37.4643068314
39.4140710831
38.0616209507
39.7585759163
40.6659049988
40.8680868149
38.1928899288
40.9573390484
40.7649290562
40.9770388603
37.7767179012
39.9508619308
40.6939790249
39.4963111877
40.7452559471
40.7422480583
39.9507300854
40.1387729645
39.1637601852
40.282325983
40.186166048
40.3695850372
39.9465641975
40.5405158997
40.6066880226
40.9818031788
39.9373850822
39.8828539848
40.3752810955
40.3524260521
40.5788090229
38.4839780331
39.3147149086
40.6079390049
40.6737089157
38.8441720009
39.9229559898
39.0814399719
41.7345290184
39.2032749653
39.2176430225
39.2067358494
40.0828559399
40.4800539017
39.6112980843
39.3158650398
40.1752550602
41.7379808426
41.1856379509
40.0789120197
39.8488399982
40.7631242275
41.2985310555
40.7947440147
38.6839752197
39.3497488499
41.2853050232
41.5211160183
40.7341618538
40.8201291561
40.2986159325
41.0001847744
37.8588719368
38.6789271832
38.9790198803
39.6368291378
39.1354761124
39.8852860928
40.1979620457
39.5277328491
39.1138679981
40.4017970562
41.849822998
39.576499939
39.5478999615
40.3841469288
39.9256949425
40.9995119572
40.1516981125
41.0989260674
39.8637669086
40.707627058
39.9812350273
41.3857970238
40.5489599705
41.356356144
41.4765679836
40.6618828773
41.4446320534
40.8560631275
40.6439101696
40.8535509109
39.4010088444
40.0134878159
41.6610760689
41.1169981956
41.6119379997
39.4443590641
39.2651321888
39.0480470657
39.7758300304
40.8948278427
38.9758281708
40.6894309521
39.1803379059
41.2958321571
40.6453199387
37.6331839561
41.2657721043
39.0918149948
38.446349144
40.7822971344
40.7404739857
40.4825179577
40.3110251427
40.4935979843
40.684401989
40.4519760609
40.7595801353
40.2507519722
40.5742139816
37.7596638203
41.1168160439
40.0006599426
39.6613850594
41.2328240871
40.3926868439
40.9320700169
39.6523528099
40.2124011517
39.5929710865
40.1262760162
40.8100988865
41.1411499977
40.8635280132
40.1146700382
41.2967841625
40.2204418182
39.8436980247
40.4782471657
41.402271986
40.7318840027
40.4455339909
40.0389618874
40.2822701931
40.4047219753
39.6684350967
40.7034461498
40.8928170204
40.4639911652
39.7561731339
39.3835780621
41.0312190056
40.0908260345
40.6588490009
41.1686360836
40.2772738934
40.8576550484
39.6570270061
39.0389370918
38.2790279388
41.4400620461
40.699267149
40.7439010143
41.579939127
40.0390379429
40.5224609375
40.5745329857
37.9354069233
40.5015499592
37.9525010586
41.2571821213
40.4616081715
40.9258151054
37.9992160797
38.3877358437
40.5732400417
40.4895589352
40.8841199875
40.7417190075
37.618899107
37.7398660183
40.5475749969
39.3026189804
38.2085819244
39.6013271809
40.3969061375
38.8839099407
39.0090048313
38.4116067886
38.5469961166
39.452755928
40.0659408569
39.6701478958
37.9039819241
39.084733963
38.9859569073
38.6618168354
37.0472910404
39.002245903
38.7762451172
38.8218698502
40.1902289391
40.5572929382
39.7435719967
41.0916409492
39.8633089066
40.1360890865
40.3624198437
40.2053160667
40.8835740089
40.3479459286
40.9061789513
40.3539111614
40.3509099483
40.7998261452
41.0185570717
40.5770390034
40.6958680153
41.3948550224
40.7493648529
40.3776481152
40.2993359566
41.0503749847
40.9629812241
40.7168679237
40.6691470146
41.2691779137
40.5190401077
39.9597280025
38.5466008186
40.6832489967
40.1383228302
40.0651550293
39.5764660835
38.3659551144
40.2011239529
40.8525569439
39.8053779602
40.7120611668
40.2858438492
40.5014500618
39.5700309277
40.7747359276
41.0361680984
40.5613548756
37.7550210953
38.4813578129
40.9352691174
41.1096098423
40.373568058
37.4581160545
40.6502950191
41.1587498188
39.6970381737
41.3261668682
40.9378111362
40.0131931305
40.4879739285
39.4886360168
40.5778591633
40.6383128166
40.2815160751
40.4418289661
38.3384239674
38.3648400307
38.1139008999
40.1897599697
40.6547238827
40.3493208885
41.0026881695
40.2710289955
38.5441799164
39.7558641434
38.3322880268
38.1278231144
39.0608940125
40.0645179749
38.208673954
38.5439271927
39.7684211731
38.1651599407
38.5310459137
38.5751428604
39.847217083
38.3020141125
39.8416101933
38.2556371689
39.3277039528
40.141669035
39.1349098682
38.9263868332
40.5465350151
40.5585000515
39.499781847
39.7675139904
40.8696639538
40.5505139828
38.9415819645
39.8672010899
39.3862781525
38.2931361198
39.4699959755
38.9795520306
37.7980258465
37.6513571739
38.6352779865
39.5736181736
39.7762391567
40.23148489
37.1838550568
39.8074228764
41.0946729183
40.5269110203
40.2911939621
37.678278923
40.5580151081
40.3633608818
40.216892004
40.4073159695
40.3376228809
40.2955100536
38.6843278408
39.047096014
40.9180591106
40.2107470036
39.3898069859
39.2714819908
39.8899919987
