Experiment Results
19.5499391556
27.3879001141
26.5832989216
25.6756551266
27.2771089077
18.9376788139
24.7584700584
25.8374190331
26.5243020058
21.4567120075
19.6910009384
22.5188789368
20.8942699432
27.4686079025
26.9709060192
21.2485249043
20.6974589825
20.358880043
21.0254881382
21.1850810051
24.6834201813
21.7979669571
21.3809719086
23.5253899097
24.6092391014
21.6619620323
19.5819370747
20.0607659817
21.3395888805
19.9418880939
26.9277009964
20.5336418152
20.0975759029
21.2749300003
20.5123999119
21.6807911396
20.8970530033
19.524132967
27.6205260754
19.8322429657
22.0336880684
22.6472070217
19.791793108
20.1168301105
22.9303529263
21.9558990002
20.2135350704
22.3655359745
23.5605239868
23.1257748604
21.6071300507
20.2893660069
22.2945401669
23.3486590385
25.4014229774
21.3321480751
23.2162921429
20.5284879208
20.824546814
20.9987819195
23.528703928
19.6614239216
26.8468379974
20.6667740345
21.2052049637
23.0052649975
20.9993331432
21.0607829094
20.5688819885
23.8396568298
28.430423975
28.3282818794
27.1711468697
23.5272979736
22.1140170097
26.2573521137
19.9890160561
20.0254070759
20.9900250435
21.1416919231
21.9052271843
21.0540640354
25.1110918522
21.3317480087
20.9174659252
21.8182060719
21.791672945
24.1208071709
21.953963995
27.3666920662
20.0359909534
24.1259660721
20.4623439312
20.3972418308
27.7600190639
22.2230918407
20.6728539467
28.1235799789
24.4225289822
21.4857039452
21.1853401661
27.936727047
28.4766559601
29.0983500481
28.3327100277
21.4183149338
26.1170070171
27.3542540073
28.1396110058
20.7385179996
22.0918569565
20.9945540428
22.5952870846
27.6306040287
26.1053409576
22.4681580067
21.9653191566
20.2153170109
21.7015450001
21.9080758095
25.8215270042
22.2234051228
22.0900740623
23.4554169178
32.1018879414
23.073802948
19.442991972
19.9312341213
22.833796978
22.322674036
27.798653841
19.977504015
19.9304339886
22.6102890968
22.6679620743
22.37155509
21.5149309635
21.3913469315
32.1614439487
20.5091979504
21.4246239662
22.2871980667
20.785353899
23.8712310791
22.6206669807
21.5844819546
20.3766961098
22.1796178818
30.3294501305
24.1987700462
22.8527700901
20.4899260998
24.6993720531
24.0575170517
25.5619320869
23.1996228695
25.1705019474
19.7652909756
22.4909689426
21.1896300316
21.5270819664
23.2429270744
29.7083559036
21.9375870228
21.2022049427
23.8036088943
20.0556750298
24.2933518887
21.2241868973
22.0715498924
30.154389143
29.0907781124
30.1934599876
23.7948560715
21.525550127
27.9093241692
19.3801269531
20.4960079193
20.6091070175
20.2904849052
21.6998550892
22.094960928
25.5251419544
22.4312999249
20.2099170685
21.8211941719
24.1557910442
24.6435620785
21.7659900188
28.4113810062
19.9797959328
24.2322010994
19.2730209827
19.6893620491
32.6365208626
21.3758530617
18.9274280071
29.1989839077
23.3307628632
22.1892440319
20.6934168339
35.8289480209
29.1094660759
27.7116909027
28.8650751114
19.5372040272
29.4322099686
25.2922768593
28.0783908367
22.2151660919
22.3386950493
22.0115499496
21.7723939419
27.7004830837
27.8431150913
21.2384080887
23.4676117897
19.9683771133
20.9933671951
24.1738069057
24.3261430264
21.7586438656
23.2247419357
25.495194912
24.9915151596
22.2394249439
20.0981209278
20.5262730122
22.6775770187
22.786331892
27.558806181
20.2596049309
20.4607121944
20.9232139587
22.47301507
21.1626811028
21.2278170586
19.6826460361
27.1737308502
19.1086308956
20.9134318829
21.7082369328
19.3888709545
20.1143629551
22.5665140152
22.7104051113
25.1739749908
24.9994080067
25.7674539089
24.4422898293
21.8568310738
19.9803609848
22.1277778149
24.6619818211
29.1817469597
21.8724749088
23.7561831474
19.6916539669
25.0032401085
20.1917212009
21.4600639343
20.8174829483
33.7723300457
21.4453148842
21.6965432167
25.3136250973
21.7617328167
21.5878460407
20.9962089062
26.1198880672
29.2468490601
28.2961699963
26.4949009418
24.0454580784
22.132119894
27.0102519989
21.2875881195
20.6046588421
22.1249859333
20.8686330318
22.4951331615
22.2191979885
25.0177609921
22.0610330105
21.4826800823
22.7689011097
21.4494791031
24.6986269951
22.3742589951
27.5158360004
19.8736691475
24.901897192
19.6533339024
20.5454320908
29.0590031147
22.4995570183
19.9487688541
29.2027630806
23.4829077721
22.2353458405
20.4167850018
30.2315049171
32.6712329388
28.4699831009
29.9145729542
20.6847100258
31.8769800663
26.2262871265
28.213465929
22.029309988
24.5005049706
22.0002582073
22.1896290779
28.6866428852
27.4669649601
21.1393549442
21.8910028934
20.7031779289
21.1149110794
22.2772247791
28.0234789848
21.7674589157
22.1907889843
25.6263809204
27.5825209618
21.7466859818
20.4719829559
20.6434090137
21.6070978642
22.0884940624
28.8648719788
19.7048909664
20.8996629715
21.7996759415
22.5704410076
23.017843008
19.8977360725
19.4728200436
29.6682839394
19.544852972
20.9108951092
23.7012159824
22.7352209091
20.2026371956
24.0305211544
21.5767149925
22.6003119946
22.6006028652
25.9746501446
22.8075389862
23.351927042
20.1079890728
22.7465419769
23.8313059807
25.1660561562
22.356815815
25.5325000286
18.3572731018
21.3013451099
20.8887701035
21.5800158978
22.7197518349
27.4272201061
22.8608779907
22.5837850571
22.8354260921
19.8742761612
22.5689358711
22.3033540249
24.6183769703
29.0352919102
31.6078789234
28.9923150539
23.7460739613
22.0492060184
27.2870540619
20.4340429306
20.8978471756
21.7095930576
22.0420188904
20.6813299656
23.421434164
24.9536910057
21.7391941547
20.0157270432
22.321105957
23.0507240295
23.1247937679
21.661741972
26.81813097
20.8947939873
23.9385330677
19.4314949512
20.2136981487
31.0646510124
21.5143079758
18.470402956
28.0114500523
23.9246850014
21.6918871403
20.0867769718
29.9300220013
29.6177268028
28.3592581749
27.7294249535
20.5407240391
28.4342432022
25.2924048901
30.8083498478
21.0321071148
22.7217130661
21.7562301159
23.7090930939
30.6315670013
25.5846288204
21.5518448353
20.8015151024
20.1833879948
25.6977748871
21.8148829937
25.9454669952
23.8858959675
24.9177560806
23.1422181129
24.3769309521
22.6867611408
22.6850991249
23.6882789135
22.516710043
21.7728350163
27.363517046
19.6177089214
19.7158358097
22.9820399284
23.7007870674
21.6985430717
20.9903788567
19.1590280533
30.0085861683
19.6734631062
22.0569958687
21.7965199947
23.8737668991
21.1048741341
25.618863821
20.229820013
25.112101078
28.6667430401
24.1739618778
22.562969923
22.6836628914
19.2825808525
22.2066230774
26.4626920223
24.7679069042
20.863751173
23.8978030682
20.4607329369
19.6150901318
20.0559728146
21.8214581013
20.5758831501
32.1096429825
20.5916440487
21.8914008141
24.8284537792
19.9615449905
22.3140170574
20.5799498558
22.7082178593
31.7335231304
28.1996130943
27.9168858528
23.6388568878
21.4735951424
29.2522389889
20.8429470062
20.103233099
23.0138671398
21.762501955
21.321750164
21.8981609344
26.0326299667
21.6298429966
23.1007769108
21.0918240547
21.6386070251
24.583258152
21.5626180172
26.2279849052
20.27231884
24.1491951942
20.4600479603
21.0069179535
28.1183269024
21.7928950787
19.6231129169
28.1681969166
23.8630709648
22.8649702072
20.2999818325
28.6395051479
29.4053428173
31.2837901115
28.1921451092
22.516053915
29.6195619106
28.0830800533
27.7252960205
22.3777329922
21.5607578754
25.8849029541
22.3609001637
31.5339591503
27.2139339447
21.8019330502
21.4970889091
20.4091908932
22.3741700649
24.9846558571
26.8073890209
24.7924649715
22.6586899757
26.3135051727
24.2753939629
24.8398430347
20.3643558025
23.513903141
23.1694099903
24.194038868
29.2159619331
20.2729620934
20.2041840553
24.7860310078
28.2075560093
24.0738389492
21.6220009327
19.590708971
32.7506630421
19.9381539822
22.5023379326
21.2848749161
23.6783668995
23.5079040527
26.6184458733
21.9659161568
21.8967502117
22.9761178493
34.4221489429
22.9912400246
25.4724340439
25.4115920067
23.782738924
26.659168005
29.6879258156
25.1498451233
23.8146309853
18.3544518948
21.2001509666
22.2011840343
26.0184161663
23.2794559002
34.3343968391
21.3121819496
22.2101438046
26.2291657925
23.1678700447
28.5004680157
23.1971428394
26.6995120049
31.7925419807
31.6570768356
36.011950016
24.3626921177
22.4445469379
32.5439829826
20.4407439232
24.0084869862
21.5886940956
26.8096389771
23.5802869797
27.1912009716
25.9821851254
25.0794529915
22.8580341339
27.2610349655
28.9633438587
24.3790428638
23.8206398487
31.9474918842
20.8040349483
27.8721568584
20.9613289833
20.0244848728
35.0678720474
22.9412581921
20.0546419621
27.2399089336
26.3971631527
22.0620288849
