Experiment Results
42.3507139683
40.5068919659
41.1939380169
40.809650898
40.7853770256
41.0571539402
40.738670826
41.566917181
40.8392009735
41.6989660263
41.2897930145
41.2613511086
41.5865159035
41.2017259598
40.4718170166
40.6582129002
39.660145998
41.6533410549
40.9929759502
41.624671936
41.8466308117
39.6839060783
40.7159330845
41.0027108192
41.532708168
41.4186019897
40.4681880474
41.5331509113
41.0022389889
40.1556749344
41.2913901806
40.5029289722
42.0019409657
40.71342206
40.4357149601
40.8018131256
40.7547199726
41.3059592247
41.8809151649
41.0457279682
40.9919409752
40.7218768597
42.3024530411
40.6418039799
40.3655018806
40.4063961506
40.1918418407
40.8210132122
40.9642288685
41.1102898121
41.0514750481
41.2797598839
40.7552399635
41.2464120388
40.4895358086
40.8746819496
40.4533641338
41.6790800095
40.5503041744
41.1724069118
40.3877680302
40.475014925
41.0727550983
40.8101029396
40.1626729965
40.6104278564
40.8680410385
40.3529129028
41.0904049873
41.0734679699
41.3764281273
41.0443940163
40.4916148186
41.1262409687
41.6412959099
42.1326329708
41.1872029305
41.4002659321
40.5233471394
41.1064460278
40.4387788773
40.733577013
40.3561389446
41.6850650311
40.5499799252
40.4070100784
41.4886908531
39.1057560444
40.1198740005
40.7178959846
39.9939551353
40.4992918968
40.3780219555
40.4822149277
40.9108200073
40.9538240433
41.283659935
40.9343149662
40.430824995
40.5406830311
40.6509439945
39.7674679756
41.9013130665
41.1967258453
41.2823760509
40.7127652168
42.225643158
41.323800087
41.1365151405
41.3743169308
41.066783905
41.4417831898
39.8511910439
40.0057730675
40.9210219383
40.7785830498
41.617857933
40.7212021351
40.7487921715
43.2476420403
40.7946119308
46.8295278549
41.8072268963
41.6055839062
41.7500829697
40.6333019733
40.8555371761
40.1658740044
40.8736109734
40.4657762051
40.8689219952
41.1972301006
40.4531388283
41.0073671341
40.8403909206
40.3380570412
41.1282930374
41.1107401848
40.6925652027
40.7625360489
40.8393900394
40.241656065
41.0865092278
40.4830150604
41.191696167
40.8666749001
41.3733251095
41.158782959
41.0899240971
41.4406628609
40.9469928741
39.9577879906
39.4255759716
40.3556690216
40.2052731514
40.7676160336
40.5316178799
41.0103058815
41.7699689865
41.326390028
39.7452630997
40.4733910561
41.1036400795
41.622385025
40.4176578522
41.6097619534
40.5688378811
40.4027078152
40.7716419697
40.7373511791
40.7768909931
40.9932711124
40.6620130539
40.7528069019
41.0364289284
41.2122778893
41.178730011
40.299626112
40.5218019485
40.5980141163
40.840294838
40.2827889919
40.5095150471
40.974932909
40.8986909389
41.1489720345
39.8945839405
40.4528310299
41.3685920238
40.0640950203
41.3932759762
41.7959570885
40.8110759258
40.1717040539
42.0462179184
40.8335058689
41.7570910454
40.7052099705
41.6454911232
41.0067620277
40.9822309017
40.6721849442
40.5014460087
41.0597240925
40.8194260597
41.2759568691
39.9598109722
40.2841849327
41.18227005
40.7147331238
40.7599890232
40.0101401806
41.5671370029
40.9950251579
41.2675731182
40.796558857
42.2392141819
39.9752669334
40.5461409092
41.6558339596
41.4424459934
38.8834810257
40.9566450119
41.891258955
41.3836290836
40.3843901157
40.7064139843
40.3293378353
41.0135719776
41.2688860893
40.794656992
41.5759449005
41.5648219585
41.4936170578
41.1590349674
40.887597084
40.8821799755
40.3462350368
41.1653778553
40.6989769936
39.8722670078
40.8286561966
40.7089688778
40.5364301205
41.5544629097
41.8501651287
39.9624209404
40.3569979668
43.0075280666
40.756994009
40.7699551582
40.8154828548
40.6256408691
40.5077559948
40.2544381618
40.9187660217
40.6093959808
41.5207448006
42.1091871262
40.87093997
40.2302451134
42.7425460815
40.7186229229
41.2430479527
40.8120207787
41.8123071194
40.5944628716
40.9740459919
41.4157390594
41.0015997887
40.9216718674
42.6013689041
41.4034671783
41.2372758389
41.4080557823
39.6223320961
41.1707379818
40.9689998627
40.046227932
40.0907099247
41.2247581482
40.544205904
41.2416651249
40.7268810272
40.9403800964
41.0625259876
40.7266151905
40.8117640018
43.3061430454
40.507958889
40.8547701836
42.2878770828
40.8754329681
41.5723001957
42.0098559856
40.9877920151
41.1044449806
39.71094203
42.7166740894
40.6704909801
41.2418370247
41.4991509914
40.8609280586
41.1889879704
41.4929859638
42.1780929565
41.9145932198
41.5731041431
40.4716639519
41.0524270535
40.4038920403
40.77146101
41.3267171383
40.581993103
40.2036631107
40.6530680656
41.7039089203
40.5286300182
40.6163449287
39.8848829269
40.6719288826
41.1148328781
44.8684170246
40.2969198227
41.1358730793
40.8480298519
40.9462840557
41.9025571346
40.7257649899
40.9410409927
39.8925981522
41.5896120071
40.1755759716
40.1442520618
41.5364789963
40.5233399868
40.8469839096
41.401444912
41.4779279232
41.3532180786
40.9916460514
40.7412829399
40.8275821209
41.0641541481
41.5217149258
40.311784029
40.8990321159
40.0273430347
42.1165180206
41.5377559662
40.4613230228
40.9597129822
40.9673380852
40.9542729855
41.641699791
40.7818629742
40.9940571785
41.529280901
40.2951159477
41.2600769997
41.8978691101
40.8889980316
40.964648962
41.1889169216
42.0968601704
41.2563779354
40.5661928654
41.8135449886
40.4236559868
39.9978430271
41.0980961323
41.0755119324
39.3332560062
40.7525730133
40.9087600708
41.0018079281
40.0892469883
40.6341040134
41.3210010529
40.8569569588
42.0692369938
41.5492861271
41.5512180328
41.1361660957
40.6173889637
42.0778319836
40.4131669998
40.9344029427
40.52760005
40.2264809608
42.2472810745
42.0665459633
40.2796881199
41.3731489182
40.383357048
40.5548269749
41.409291029
40.8500239849
41.6692109108
40.4717800617
40.8481018543
40.5742399693
40.3595509529
41.8572289944
40.3791029453
40.2474021912
39.734762907
40.9803929329
40.6561150551
40.3708970547
40.730465889
40.915430069
40.7400090694
40.408862114
40.8691778183
40.5928299427
40.4502241611
40.8590559959
40.706166029
41.5385391712
40.4872009754
40.7893691063
40.8691110611
41.1368501186
40.9824779034
41.6771969795
40.4304740429
41.3118350506
42.0835618973
40.5301702023
40.684841156
40.7878510952
41.1747331619
41.7556478977
40.4542849064
40.7465171814
40.4356441498
42.2688171864
42.0675499439
41.3503978252
40.6709189415
41.7087202072
41.1373407841
40.7637720108
40.6253070831
40.8766710758
40.1141939163
40.8567941189
40.5821871758
40.9879100323
41.2673659325
41.8547370434
41.415017128
41.9277248383
41.4962809086
41.5988800526
41.1619648933
40.5725309849
41.9802470207
40.4453179836
41.0297431946
40.7887098789
40.2890479565
39.5124189854
41.262925148
40.9351348877
40.1529848576
40.3260059357
40.5242130756
40.0765769482
43.025744915
41.2523891926
40.7234220505
40.9152190685
42.7280809879
41.9220581055
41.2720239162
40.8354010582
41.0670239925
40.7958030701
40.9776289463
40.7708120346
41.3135578632
41.0989789963
41.2559170723
40.4803650379
42.6135108471
39.6752519608
41.8530480862
40.402875185
40.7276039124
41.6565480232
41.7454168797
41.1972389221
40.6633410454
40.32716012
41.7246618271
41.866697073
41.032460928
41.2151088715
40.6463580132
40.5157499313
41.655561924
40.3588349819
40.9132020473
40.743792057
41.9201869965
40.9330120087
41.6633460522
40.7876160145
40.84176898
41.4777009487
40.8602440357
39.7468259335
40.7560698986
40.1084251404
41.4205429554
40.6443800926
41.394340992
41.0640470982
40.432528019
40.9628288746
40.7894821167
41.345664978
40.9562988281
41.1531209946
41.2829442024
40.5865299702
39.9765169621
40.6384210587
40.5721409321
40.5317540169
40.7342560291
40.6911029816
41.227519989
41.472055912
41.0710721016
40.7465479374
39.9643728733
40.4341371059
41.1989769936
41.0544610023
40.926543951
41.8049800396
40.746981144
44.9602539539
41.620141983
40.8482909203
41.7493209839
40.3596630096
41.0876591206
40.9731061459
40.1531348228
40.4124259949
41.5534749031
40.9789969921
40.7002558708
40.2712950706
40.6696798801
43.1039640903
40.2194561958
41.7269420624
40.8176178932
41.639480114
41.3654339314
41.944024086
41.3470208645
41.2442929745
40.8960039616
41.645428896
41.228374958
40.4318418503
42.2657310963
40.9550468922
40.9415009022
41.4915978909
41.6285631657
41.0076179504
40.6365699768
40.4584860802
40.6991891861
40.5092310905
41.5556089878
40.6088049412
40.9729368687
40.2861471176
41.3265421391
41.2276570797
40.6308028698
40.3833069801
39.5459108353
40.8795878887
39.4345390797
40.6641499996
39.9085631371
41.48686409
40.4622089863
40.9484598637
40.6893780231
41.6527678967
