Experiment Results
36.7496008873
36.4623651505
35.0061838627
35.5181009769
36.1396849155
35.6757819653
36.4040300846
36.4538397789
37.4254000187
34.242759943
35.0244121552
38.5740559101
37.0905849934
36.2883501053
36.9141530991
36.2752590179
34.6597549915
36.5620331764
36.0456430912
35.6783521175
35.2199690342
35.8212170601
36.1276772022
35.2763168812
34.5845229626
35.2440588474
37.7724089622
36.5374770164
35.5447030067
35.4012019634
36.9611699581
35.7121560574
35.2274208069
36.1662449837
35.4796118736
37.0982589722
37.3041141033
35.7712500095
36.2169458866
36.8616700172
37.3451941013
39.8121390343
36.2350211143
34.3581728935
36.2463569641
35.5077807903
36.2341210842
37.5737478733
36.3141920567
35.0241219997
36.9691550732
34.8295481205
35.9898841381
37.3939578533
34.9819631577
35.8877499104
38.0496590137
37.5283727646
37.2508130074
36.981128931
36.1560688019
35.6787731647
36.7556471825
36.7460370064
36.4362440109
35.7559149265
36.3208379745
35.4201769829
34.1952338219
33.503841877
34.7935340405
35.2701399326
34.2741100788
35.3425409794
70.7582468987
34.6114799976
34.3620810509
34.1053848267
36.2105288506
34.7038660049
34.8303639889
35.1196620464
55.506360054
34.3721477985
34.6447107792
34.9587519169
35.9682860374
33.9475910664
34.477615118
35.3902020454
33.2042899132
34.5323419571
34.7733390331
36.3810942173
34.6235599518
35.9730761051
35.147922039
34.6010830402
34.4233109951
36.3285708427
34.5284588337
35.1107769012
35.5719828606
35.2395589352
35.2813789845
36.262871027
35.3341670036
35.37292099
33.8345029354
34.7441020012
38.8224270344
35.8079409599
35.559787035
33.4108030796
37.6721789837
34.7214789391
33.8444669247
34.6882069111
34.9986782074
35.2149848938
35.9454040527
37.49731493
34.1259860992
35.3922538757
34.1139481068
35.3060319424
36.9398391247
35.2389068604
34.6846160889
35.52520895
33.8403759003
35.3828539848
37.4614608288
35.3626010418
34.95429492
36.2643280029
34.9837150574
34.6706221104
36.643155098
36.4968619347
35.5181601048
34.4741749763
34.8067610264
35.4971609116
34.3622019291
35.9934878349
45.1232419014
34.7980980873
35.2335591316
36.2689270973
35.6171300411
35.2618360519
34.3663961887
35.1512601376
37.2224869728
37.0826480389
36.5017781258
35.9582059383
35.5817689896
36.0388069153
36.7733259201
35.6910259724
34.8960108757
34.9029438496
34.446587801
35.3753371239
37.303830862
35.7270078659
34.9057290554
34.7759320736
35.4172229767
34.7159690857
33.6065170765
34.3022670746
37.2890641689
34.5151708126
34.9490377903
34.038929224
34.9842660427
35.8758609295
36.3482558727
34.8525569439
34.8895020485
34.3598670959
34.695084095
36.6222178936
35.3551831245
34.8514230251
35.0989470482
36.7235751152
35.1435658932
35.0865440369
34.2707269192
35.4717929363
35.7608978748
34.8098649979
35.7018139362
36.6560180187
35.3383488655
35.6977050304
37.5788228512
37.1827950478
36.2766840458
35.7853980064
35.2299189568
35.7201988697
37.1511728764
35.1665129662
35.7184939384
35.2598209381
35.5638821125
35.9967799187
36.7497940063
37.6200470924
34.0223579407
36.5475142002
34.3119029999
35.3738360405
35.7376720905
35.3618941307
40.7950730324
34.7662460804
34.7504498959
35.6131551266
35.9554619789
35.4448268414
33.3668599129
35.1952030659
34.7349710464
34.9514079094
37.3568139076
35.306926012
35.1042449474
34.1692659855
35.6396009922
36.0456280708
36.2394468784
35.0589599609
35.2535560131
34.4872851372
34.4501290321
34.4406840801
34.9908070564
34.7910249233
34.5113561153
35.6137199402
34.1403808594
35.6275339127
32.8740649223
35.3215498924
35.2594599724
34.4464259148
35.4813299179
36.6967561245
37.6098470688
33.6640160084
35.0635950565
35.8830068111
33.9316959381
34.3268527985
36.1747791767
34.9535059929
35.1779289246
33.8815329075
35.966602087
35.4973330498
35.2436480522
35.8444879055
35.4210639
37.1898169518
35.4742619991
36.3713548183
37.8705148697
34.0404031277
34.8197579384
35.2728800774
35.672191143
34.8556680679
35.9659478664
36.1980831623
35.0157408714
36.3132348061
35.2967350483
36.5355370045
35.5845088959
35.6006429195
35.2642221451
38.7879951
35.2444889545
35.1356019974
34.1433320045
36.0546910763
38.9363379478
36.5526990891
36.3641190529
35.5756361485
37.4307749271
34.5844919682
35.2203099728
34.048951149
35.5550160408
35.2184250355
35.5877530575
34.4492800236
34.2041659355
35.2487139702
34.8115439415
33.6451351643
34.6285140514
36.0626268387
34.9898719788
36.0472950935
35.5161089897
36.4303839207
36.0535459518
36.1375598907
34.1387989521
35.4161410332
35.0850670338
35.1798288822
35.1338069439
40.1283431053
35.8400070667
34.3728909492
34.5729439259
35.1122009754
34.5690710545
35.5684480667
40.1949169636
34.7063088417
35.9268770218
36.0791020393
37.690267086
36.2521119118
33.7421069145
35.1666531563
34.7660729885
35.5449640751
34.9543290138
33.9091279507
35.1155409813
34.7263860703
34.5794820786
35.008343935
35.8823928833
35.7548458576
33.53926301
36.2550778389
38.1080579758
35.0545291901
35.1356401443
35.4543678761
41.4132509232
34.346198082
35.4818639755
34.7244660854
34.3966879845
34.7039220333
38.435158968
36.483041048
35.4819760323
35.777575016
34.8554980755
35.030921936
35.6947000027
34.8986718655
40.2428460121
36.0042231083
35.3779988289
34.9855799675
34.0272819996
39.3543031216
35.663394928
36.7921788692
35.3538479805
35.4936361313
35.2208850384
35.6532618999
34.2163231373
34.2819499969
34.5343248844
34.8966109753
35.9436001778
34.8871941566
35.0768499374
34.2850260735
34.4240820408
33.9044630527
34.6901438236
33.9712679386
35.2445218563
34.6192109585
34.9594271183
34.7329871655
34.9601018429
34.3767621517
39.1024210453
33.9494450092
34.6650409698
35.4553170204
34.7755680084
35.5077531338
36.5478429794
39.3902950287
34.7838549614
36.0467479229
34.1989099979
34.8309431076
34.827078104
35.0713078976
36.1086950302
36.4689080715
35.7722687721
34.3576779366
38.8724210262
35.8829219341
36.087280035
35.3933198452
35.0482671261
34.3379561901
34.8462510109
35.181085825
35.0660920143
34.6079189777
35.8299129009
35.5851311684
35.4776089191
34.3803358078
35.4026970863
33.8885040283
36.0374808311
36.2114198208
35.1176960468
35.9016509056
35.9223790169
36.0506560802
34.6393499374
35.0840752125
35.0992200375
34.6824171543
34.2401800156
33.5390250683
34.8057467937
35.6064310074
36.1735029221
34.4914751053
35.2396221161
34.8750488758
35.0667231083
33.6795530319
34.5840361118
34.587305069
34.0001199245
34.9558281898
35.9775550365
34.7402529716
34.4780888557
35.0189099312
35.2928879261
35.3860678673
35.4772288799
36.0368030071
35.645824194
34.2787640095
33.2902050018
34.6380300522
31.6719591618
34.1514029503
36.080878973
33.6226348877
35.0827319622
34.9528291225
35.0145900249
35.1885349751
35.5821759701
34.461785078
34.1543338299
33.8546741009
37.2662169933
34.2201480865
34.739372015
35.1986210346
34.1103379726
34.3328621387
35.5671679974
35.6575360298
35.6600160599
35.0854070187
35.2598781586
33.743021965
33.0113120079
33.5549001694
34.6111459732
35.8360738754
34.8060209751
38.2231180668
35.3314008713
35.8042740822
35.8586091995
34.5459389687
34.7532639503
35.0287899971
35.0381929874
35.8976721764
33.886756897
33.8150129318
34.9463200569
35.0936279297
34.7734668255
35.6479430199
34.5790631771
35.0976350307
34.6290221214
34.1119940281
35.6360609531
36.1079280376
34.1897029877
34.7300069332
39.0505621433
34.7416779995
36.338891983
35.3422198296
34.4194149971
34.6987919807
36.3888609409
36.2365710735
35.4993481636
35.3764979839
34.4297819138
34.2824628353
40.0636250973
36.080737114
35.1563417912
34.7389438152
35.7413911819
35.5366129875
56.66248703
35.3167819977
34.879336834
35.723965168
34.8564238548
35.0847709179
36.2752459049
35.2160568237
35.0027270317
36.16167593
34.4046559334
34.9994418621
35.2126181126
35.2208769321
34.9645090103
37.3393011093
41.7141888142
34.8559031487
35.3505399227
35.1414549351
34.4317219257
35.230864048
35.279350996
34.9878427982
34.8827409744
34.7255759239
35.1772289276
34.4952847958
34.3983280659
36.2825360298
35.992511034
33.9027709961
34.6566100121
34.7847349644
35.0626490116
35.2345428467
35.5045390129
35.0278761387
34.0863339901
33.9935538769
34.3578181267
37.0528540611
35.288588047
36.2391409874
34.9930360317
35.6686561108
35.2219941616
34.5984580517
35.9837338924
35.3757660389
34.8832230568
34.9534828663
36.0281310081
37.01638484
35.6160869598
33.9425191879
34.6035041809
35.0579268932
34.1405091286
35.2671160698
35.1657590866
36.8104689121
35.0866010189
35.1136128902
