Experiment Results
20.8839650154
27.4934511185
27.7297580242
26.9351809025
27.798470974
21.4917001724
24.5283899307
26.4878571033
27.4216678143
22.4376010895
22.3221900463
21.5387458801
23.2041230202
27.432831049
25.0905618668
22.0874950886
22.8726239204
22.1280331612
21.7596700191
21.9063282013
24.4278008938
22.8979070187
22.4400691986
23.4379470348
26.0620880127
22.8822360039
21.7169620991
20.9953291416
23.7968649864
22.8872141838
27.0717351437
21.7140710354
21.0764539242
22.4954299927
22.6907219887
23.2038660049
22.0909600258
20.4168629646
27.5678858757
20.3080499172
22.6753258705
23.1932480335
19.2808949947
20.93917799
23.7026669979
23.4479250908
19.9178738594
21.890884161
28.738599062
27.261111021
26.1914520264
21.4922699928
26.60907197
27.2023439407
38.2505679131
23.1175529957
28.7038781643
21.2496259212
30.0398209095
30.4852099419
23.9126279354
20.9996881485
28.747936964
23.6997311115
23.6055839062
22.5210020542
20.289689064
29.188117981
29.6559121609
22.5404658318
28.5483660698
28.8888568878
29.3831541538
23.4766221046
25.299612999
29.4011390209
19.845252037
24.4287409782
21.654556036
26.1599218845
28.6281399727
23.316617012
24.8403139114
23.3329250813
23.5180010796
23.5745038986
21.5834441185
29.5818850994
31.079996109
38.6268279552
27.0101528168
23.9468410015
20.228812933
22.2109589577
33.870249033
23.7146129608
21.6838138103
35.8161439896
29.2151288986
28.4508378506
24.6162371635
26.9099049568
28.6070041656
33.1510400772
28.9233748913
21.3527991772
25.9118030071
30.5388088226
34.5830559731
22.9367189407
25.8859400749
25.1970398426
28.4089331627
35.6673619747
26.3732478619
21.3122768402
24.2574150562
30.1194040775
22.6304368973
24.588919878
28.5655999184
29.3245580196
22.7703080177
26.773567915
37.5867979527
25.8292648792
19.5491130352
20.1839001179
27.4029929638
29.9712500572
33.6194579601
19.7142691612
20.8831970692
22.2153248787
27.7579131126
25.1629481316
21.685790062
23.5758209229
33.4132609367
21.3918659687
24.2305998802
30.0282359123
22.9695770741
22.1421058178
29.6608760357
34.9916529655
24.7662761211
23.261316061
28.9258310795
23.2217330933
23.9964361191
24.6284639835
23.9171719551
29.7163331509
25.3315091133
27.1412301064
28.6852328777
19.4602811337
22.1938397884
23.0399610996
29.1938109398
21.5624248981
38.2561888695
26.945125103
22.7860331535
22.4575200081
25.9840149879
28.5413081646
19.7407360077
22.507586956
27.9697370529
30.4079358578
34.5769309998
23.8965098858
22.0253751278
35.7897288799
20.6469600201
22.3613219261
22.7319691181
24.1594882011
24.449131012
31.3582999706
29.0305600166
23.2532849312
22.5190579891
24.7591571808
25.0240838528
31.6670680046
22.9662840366
34.4240429401
23.5553240776
27.4579491615
24.0261380672
21.1566140652
33.5312919617
26.7051148415
20.2326879501
31.4649100304
31.4146478176
24.6142761707
24.650829792
31.5844841003
32.1966850758
29.7455980778
32.9188210964
21.1445538998
34.6509561539
32.0703659058
26.2408220768
24.9121520519
21.7703630924
26.02252388
29.4754459858
35.8141798973
31.8428440094
21.4115781784
26.2269630432
19.2848470211
23.433013916
23.6513900757
28.0616497993
24.0946090221
26.3322660923
23.7303960323
25.4297749996
22.2061040401
22.4195230007
20.8375060558
25.818406105
25.7145631313
27.860678196
20.15812397
19.0722658634
22.2840399742
27.1632528305
30.4371619225
27.7217490673
18.9559149742
27.828371048
18.6200509071
25.7965168953
27.059525013
19.0605511665
32.2693119049
22.7313799858
22.2895460129
24.3715660572
25.5626630783
32.0104329586
29.4943020344
32.014922142
22.9198229313
22.0044920444
27.6464221478
27.9306800365
35.2564878464
23.58562994
21.7248518467
25.0200228691
23.7199790478
21.4994549751
24.7085719109
30.2238128185
23.4167859554
28.4527571201
23.5831429958
33.0459868908
23.8920381069
25.3122589588
29.6329450607
30.4727189541
26.0042920113
34.0097990036
24.7748270035
34.6596620083
32.4876639843
20.4001319408
21.1579840183
37.6487350464
22.6371910572
29.0117499828
22.9161992073
25.6101369858
23.2564821243
19.5012338161
26.3534882069
24.3365750313
23.6464240551
20.7576360703
31.7232129574
19.867208004
23.901088953
21.0700318813
24.3435399532
38.4999318123
26.8895008564
17.1853702068
28.1209712029
24.9223201275
25.7948999405
24.7569410801
31.052781105
27.9945530891
27.0556261539
31.7679400444
29.2486381531
36.9177548885
34.4063279629
27.4628999233
28.2872519493
28.3994810581
27.5045199394
33.9907670021
33.4058160782
26.0253810883
21.4082760811
21.8331201077
27.8190250397
29.2600619793
29.1627290249
31.0521559715
26.9683640003
26.4547491074
31.9482409954
27.9849739075
30.0444741249
21.6065020561
29.597340107
21.2186629772
26.142966032
37.867454052
26.2053859234
35.2874188423
35.3713650703
23.5228850842
22.5694520473
21.4956438541
21.1867420673
48.6267220974
20.257833004
24.8190991879
22.6522009373
28.6380808353
25.236948967
31.5429191589
40.6186778545
20.1403570175
27.2139360905
31.2267549038
29.3770711422
24.3036949635
31.1373589039
30.9264850616
28.9780960083
26.6673369408
28.6177661419
25.016769886
23.2000570297
22.1207060814
20.3872618675
31.7995250225
19.6482031345
28.3078658581
24.7830579281
25.3746888638
21.6169948578
21.4290881157
29.6842050552
20.7403440475
27.152616024
30.4463419914
35.8147070408
30.3515548706
22.9187660217
23.5537428856
35.0056929588
29.1426939964
20.8526890278
28.2117021084
28.9888391495
32.3234539032
27.5619049072
41.6230530739
23.9008901119
25.6103000641
31.1542370319
25.3368060589
35.0036621094
26.2637159824
35.1586530209
19.9491429329
24.6870589256
20.0892500877
19.6143290997
27.3890488148
23.4078149796
22.6873371601
29.662225008
27.6488537788
22.6471550465
21.5170369148
29.1672809124
31.4868891239
32.4766089916
31.2609519958
24.6762330532
29.1577119827
39.8301379681
28.2840218544
36.0723929405
24.9700200558
21.9290480614
21.8462500572
32.4560849667
30.1143770218
21.8133180141
26.2240951061
20.0620930195
26.7583930492
27.1966791153
28.7716538906
31.6506140232
22.7483210564
30.228662014
24.0803630352
29.2927100658
25.746270895
25.041903019
31.9542620182
38.4476051331
35.082529068
21.5266680717
36.5681731701
31.8402500153
33.1714129448
34.0451409817
23.3476781845
20.787003994
28.790156126
21.0067670345
24.356880188
29.8949229717
25.6000218391
27.7581338882
22.6156799793
21.4406020641
19.596362114
27.5831420422
27.6416530609
23.9306538105
21.8440160751
22.2875919342
22.2093541622
23.417760849
26.8169429302
27.1569859982
29.8872451782
20.3082959652
25.9613471031
21.1913621426
34.3228290081
19.9793860912
33.5716462135
25.7112579346
25.238863945
26.8655807972
24.2039890289
35.677836895
21.5779309273
36.2873129845
31.2090499401
27.3699240685
37.3524980545
26.4922890663
24.2151939869
30.7653901577
21.4557700157
23.0104641914
24.5137271881
26.2932019234
24.3692839146
21.4104120731
36.6345860958
27.7703158855
19.8713011742
29.810448885
35.3649070263
23.3076679707
26.7165558338
35.1111569405
20.5688369274
31.1387240887
23.6345798969
22.2033910751
34.331403017
24.3459279537
21.3963007927
37.6600329876
27.5495240688
26.4536521435
22.7509391308
34.3231770992
32.3660140038
34.077272892
27.0870912075
20.6534340382
36.0463428497
34.5218849182
26.4577288628
23.7642269135
22.9706819057
26.7552080154
34.6269760132
36.7596359253
26.8800399303
22.9707798958
22.3776700497
18.8695259094
28.5697038174
26.747576952
32.5165939331
23.6849219799
26.2503721714
25.2972559929
28.1502621174
21.3447020054
21.3391261101
26.4764299393
31.2559239864
22.5530130863
34.3994879723
20.369822979
23.1749081612
28.8888111115
22.8973271847
23.1826939583
28.0291039944
32.69054389
28.947314024
30.0168099403
31.6150150299
26.9072391987
23.527520895
28.1477668285
28.9341268539
31.752669096
25.9074978828
29.1805667877
23.5701930523
22.314977169
27.814221859
27.9671490192
26.9092290401
23.3393831253
26.6715531349
22.5600149632
26.5235769749
21.1355581284
21.1112718582
27.236618042
23.6493320465
23.123418808
32.4621748924
24.1943950653
21.8083701134
30.9660241604
27.6181578636
22.7265808582
24.4096651077
22.7958931923
29.6629869938
35.0361578465
28.4870159626
24.6620900631
25.7982439995
35.493710041
23.695800066
31.6750190258
21.986656189
24.8685748577
24.6420059204
34.9530858994
25.2899410725
27.8103730679
18.8707680702
22.8549380302
22.5920419693
28.5224208832
23.4555661678
34.3849318027
20.8530321121
23.8737390041
19.4119710922
19.0952010155
32.5545709133
21.4728419781
22.314016819
31.6501748562
21.6572830677
24.6559238434
