Experiment Results
1194.14980388
1191.04872108
1190.91999388
1189.710042
1190.202564
1191.95311213
1190.3265841
1190.68387318
1190.22158909
1189.12266111
1190.23326182
1189.6331532
1190.89443302
1191.04474306
1189.67879987
1190.82640004
1190.08985996
1191.78464198
1191.22451591
1189.73401594
1190.59282804
1191.36588287
1190.31731415
1190.91391516
1190.91597295
1190.47796512
1191.69657207
1190.4962368
1190.10351896
1190.10507798
1190.39021897
1191.24960804
1191.20269299
1190.93723297
1190.20785093
1191.85680795
1189.875386
1189.12086701
1191.40552187
1190.83904409
1190.44495583
1190.93744779
1190.45273519
1192.40869904
1190.08827806
1206.74682784
1205.83017111
1192.54289198
1208.27583599
1210.8263669
1191.19269705
1209.92066288
1209.08938503
1189.81969619
1211.06367397
1208.42109704
1190.5232501
1210.32470012
1213.20569587
1191.10664392
1218.79929709
1210.58054996
1190.50897408
1214.96989489
1219.29766989
1189.69035602
1213.26849198
1218.65009594
1191.40464783
1212.836236
1216.16661811
1189.64764285
1215.99490905
1202.08681393
1191.86980319
1219.40710521
1216.97901702
1190.36258006
1208.53195596
1225.86966491
1190.58804393
1211.91894794
1220.00835991
1190.66825604
1224.706321
1224.17965508
1190.43590903
1218.88257885
1227.33224416
1189.99534607
1224.16770697
1232.31239009
1191.28981686
1229.14413691
1226.63556385
1190.39660788
1221.647439
1226.87657309
1190.01650596
1234.77262497
1194.99950695
1190.19484901
1242.34491301
1244.121104
1191.47382903
1225.42199302
1234.72769785
1190.633641
1196.34201884
1213.57204008
1190.96769214
1215.56618404
1229.66417885
1190.58899403
1236.07554388
1204.26065993
1190.58905387
1211.51779699
1209.56291008
1190.687814
1216.42368984
1225.20444894
1190.82258201
1197.75972509
1203.80193996
1190.05245209
1200.25524902
1202.29722404
1192.10713792
1207.14559698
1210.554842
1190.45937514
1213.71298099
1212.06121397
1189.00602007
1205.54275513
1215.46038508
1187.73959994
1207.40998697
1213.77144408
1189.84521508
1207.71085787
1229.68600988
1191.99078608
1224.31708503
1219.46785712
1190.34847498
1219.21393704
1227.81752515
1189.96194601
1230.20726085
1232.39071393
1191.29668403
1220.15546179
1209.76337409
1188.922014
1230.42109084
1207.31839705
1189.73819709
1232.46166587
1232.0642581
1189.46527505
1202.97156596
1217.30767488
1196.42759299
1212.8153131
1234.18379998
1189.78457403
1223.39370584
1190.97733688
1188.48311996
1203.33229613
1207.59274507
1188.70239615
1205.59128308
1218.27177215
1189.73103118
1228.34686399
1205.216573
1188.97760582
1207.85622001
1236.9768362
1189.31324887
1217.28320289
1225.57363391
1188.69270492
1232.63547277
1228.10798192
1187.83264208
1202.13482499
1210.85046911
1186.66351104
1210.32192111
1201.48447204
1186.72089291
1197.15770197
1237.68844581
1185.50745106
1196.57489896
1192.49862099
1184.848629
1201.8289578
1235.681602
1184.64133
1229.88960099
1224.31354308
1184.59806299
1189.95144486
1205.50868177
1187.55289292
1230.95777082
1239.24093699
1184.20684505
1226.55749607
1227.54653406
1187.45513201
1221.24148297
1233.26609612
1187.02772808
1191.4615519
1223.69298911
1185.05114102
1212.91964698
1204.41017008
1185.02095008
1232.89601684
1214.958776
1186.1215682
1228.15979004
1217.98450208
1184.02546501
1217.83515406
1216.20880198
1185.55085611
1217.17437887
1208.85769796
1185.73611116
1221.40859604
1208.70999002
1186.42244911
1193.26437902
1197.78130102
1181.64458203
1181.17591596
1185.17775202
1184.05676985
1214.06601882
1187.43971395
1206.54717612
1193.14362693
1188.85912013
1205.06919885
1212.3494432
1186.28079486
1213.72399402
1212.0319581
1187.98108196
1205.85748696
1211.36006808
1186.66866899
1224.91768289
1221.03532696
1186.72168517
1223.66718221
1209.48970103
1186.876724
1214.70841193
1199.85832596
1186.62738109
1188.99494386
1187.15160608
1185.22586989
1186.79307008
1187.76343107
1186.00230289
1187.7767961
1190.39498711
1186.96769094
1188.46397805
1190.44168711
1186.99061823
1186.87053013
1186.30194402
1189.44790292
1187.97919607
1191.078825
1186.45637107
1186.97703815
1187.51299906
1187.34698105
1185.95769
1187.78967381
1187.14361811
1189.18149996
1187.83181715
1187.4069829
1188.27676678
1190.20343304
1187.79854488
1190.69537091
1186.16940689
1186.381989
1186.67301393
1188.40060687
1187.01916885
1204.65095019
1196.44240808
1185.93690515
1209.36401415
1216.09644079
1185.80200696
1199.78968692
1222.54369497
1187.27798915
1211.07112098
1207.20926714
1188.65341592
1199.32288098
1208.8494699
1185.76056409
1217.74383211
1191.42850804
1183.3661871
1207.80580616
1209.60756707
1183.49383783
1214.98663998
1193.43697095
1182.812433
1210.93079615
1202.14744997
1182.91843796
1210.66129279
1215.53831911
1183.2552011
1183.69277501
1194.98776197
1182.81900311
1210.09002185
1183.12254
1197.29362106
1203.36542892
1183.75403786
1214.69470501
1210.09545422
1188.37869215
1211.52312493
1218.72107601
1184.06210709
1212.36456513
1195.62830615
1188.04190397
1204.72918916
1202.87457919
1191.16906285
1216.28860211
1216.29380798
1185.19688797
1199.26284099
1206.75456977
1186.04322791
1203.52174902
1213.82929492
1187.88995314
1203.71770406
1220.08516693
1184.26431203
1212.24342608
1216.9667418
1189.65062594
1200.43414617
1199.04421377
1188.12389898
1204.60457802
1189.51496196
1187.15192604
1198.90334797
1203.65291095
1186.49326897
1193.60613799
1202.67082691
1184.97104597
1203.91699696
1204.84858584
1185.69296503
1200.13218498
1207.53883505
1185.07838917
1206.66859698
1215.58278108
1186.03168607
1181.19001794
1203.69747496
1183.20133495
1198.55791593
1184.17044711
1199.61536694
1204.27787113
1182.40720391
1215.128196
1192.11053419
1184.64930201
1212.30770707
1215.02567005
1187.85637903
1201.62069297
1213.92860508
1186.61016607
1210.28078079
1215.34741306
1186.39096212
1199.19813895
1201.856354
1182.65742803
1206.12471294
1214.95933414
1182.85249305
1205.43915415
1206.17651296
1185.8869698
1207.68804193
1216.86251497
1186.24061203
1183.13999796
1202.48322892
1187.4822011
1216.10594106
1187.53628898
1222.98880982
1229.9360919
1184.02610493
1226.32128096
1227.60579109
1188.06658387
1200.00077319
1225.55603004
1183.98594308
1213.55198598
1231.19886088
1188.74637699
1186.49523902
1230.31351519
1202.85357094
1198.36841297
1228.56841898
1185.84337902
1216.44803095
1239.87754488
1192.72325611
1234.65422702
1213.32734895
1190.97718906
1231.02943802
1233.31521606
1187.62756491
1193.33113599
1234.92560506
1186.90936017
1235.81670284
1240.71185684
1189.23577094
1216.35205197
1239.53188086
1185.89509606
1184.26509619
1223.91494918
1190.09118795
1234.68340302
1187.49022794
1233.36502385
1242.99966002
1188.63492799
1234.79209518
1241.17948484
1191.09942698
1215.07965899
1204.79012418
1187.51300502
1223.80710387
1227.03878784
1188.15796494
1219.281739
1216.99815917
1183.38996291
1234.05742216
1241.00081611
1184.60410404
1194.36830378
1211.21916103
1186.41249013
1210.46294808
1212.32698202
1187.14655089
1193.06120896
1216.87953091
1187.01778197
1220.43064094
1205.14500308
1188.42367005
1219.74463892
1224.06465101
1187.15015388
1220.55130696
1228.03521705
1183.95846415
1230.67295408
1188.25211215
1229.270962
1227.62019396
1183.43367004
1218.49969316
1234.52930403
1188.6557579
1232.08102512
1214.7575469
1185.68098807
1234.37556291
1238.19009495
1190.39748907
1230.241956
1235.21370792
1188.52025104
1228.26338291
1219.03059292
1189.52663994
1231.95048809
1188.53274298
1183.84782195
1199.0325129
1186.39426303
1182.90533113
1182.58445501
1186.54069591
1182.88033104
1192.18263507
1182.60517097
1195.82344794
1197.98065805
1181.39033985
1181.62048483
1182.4621141
1181.83702302
1181.85228992
1181.19135785
1181.3020339
1182.86564803
1181.89094305
1183.27407789
1183.00653195
1182.11638904
1182.05468583
1181.9127481
1180.66260004
1181.34692812
1182.03783798
1181.44295478
1183.22614002
1182.30163312
1183.27371001
1183.06603003
1181.98628712
1181.42587304
1181.60620403
1181.60593414
1181.97350192
1182.41974401
1183.03146386
1183.34715581
1181.78291893
1182.5930841
1182.73973322
1181.77890491
1183.17035103
1183.64043903
1181.87325501
1182.00790906
1182.31484699
1182.37046099
1182.28979921
1183.34803796
1185.09390402
1182.20538902
1194.46298599
1186.82279396
1183.36711311
1186.78305006
1187.70465589
1182.62502694
1189.14883018
1177.54684901
1172.62207508
1178.81078196
1178.61099911
1173.93496895
1179.98535085
1173.87164092
1186.47218704
1183.4576261
1173.10209107
1184.44043183
