Experiment Results
46.447977066
46.1952700615
45.9283239841
44.9418540001
45.736746788
44.378000021
45.2815539837
45.2561411858
46.4141938686
46.5569999218
45.9994869232
45.7512331009
45.8970508575
46.5907440186
46.2265741825
46.3650491238
45.7700870037
45.4380350113
46.4238011837
45.438890934
45.6484379768
46.6143841743
45.8541331291
45.8996348381
46.6934239864
47.3934559822
46.564538002
46.1183989048
45.9811618328
47.4557199478
45.3615319729
45.6550209522
45.1839580536
45.4039301872
45.5468280315
46.1689591408
46.5920021534
46.1338980198
45.4514119625
45.333562851
46.6706187725
45.6260578632
45.6551380157
45.0810360909
45.5628700256
45.4909029007
45.8020961285
45.8597431183
44.5998399258
44.2026598454
44.787334919
45.6983950138
45.2917900085
44.5497961044
45.9458048344
44.9433641434
45.6415672302
45.0748260021
44.5201239586
44.3513948917
45.654747963
45.7848091125
46.5985300541
45.2038509846
44.625300169
46.3640220165
44.771294117
44.4047410488
44.9849901199
46.3351919651
45.6244869232
46.7348339558
46.2700510025
45.1884219646
46.2080888748
46.0429990292
45.310092926
46.0845088959
44.9904010296
46.0293669701
44.427834034
45.7519259453
46.2767350674
45.7929580212
45.7311649323
45.473263979
45.4601118565
45.8959360123
45.8672380447
45.0236358643
45.7555058002
46.1607019901
45.6266429424
44.2471709251
45.1612408161
44.6364820004
45.8310010433
45.7000498772
45.4457099438
44.2364358902
45.0177209377
45.2814180851
44.9292190075
45.2621548176
43.771091938
43.9911460876
44.4619581699
43.1868708134
43.9442279339
44.1003348827
44.6930129528
42.5311961174
44.0025670528
44.9373500347
45.2927079201
44.2893078327
44.9408941269
43.1716051102
45.5028269291
44.7724900246
45.0204739571
44.8850209713
45.4619450569
45.0619130135
45.6627159119
44.674448967
45.1296408176
44.988216877
44.5000910759
45.3431508541
45.6505250931
45.2236618996
45.61028409
45.181650877
46.7951118946
45.1015758514
45.0197410583
44.9501459599
44.891753912
45.0971319675
44.558601141
45.6461818218
45.0959570408
43.490735054
45.2581841946
43.8900718689
45.437969923
45.5668029785
44.9806990623
45.3714289665
45.8169620037
45.1642889977
45.2583470345
46.3443291187
43.9941830635
45.5271689892
45.0698750019
45.3353722095
44.5455138683
45.3607859612
45.2952620983
45.6543321609
45.8807721138
44.3812530041
44.9553310871
44.8028519154
45.9195411205
44.6861519814
45.9342520237
45.4208779335
45.1595411301
46.0872700214
45.4867658615
43.245882988
45.1456341743
46.2508518696
45.0276751518
46.3632848263
45.2434461117
45.4682240486
45.0278470516
45.3660538197
45.672413826
44.2362818718
44.2495849133
45.4049899578
45.0850439072
45.8696620464
45.0702431202
45.102478981
44.8866829872
44.4315428734
44.8788859844
45.9426560402
45.2212779522
44.99852705
44.7818701267
45.5552480221
46.1711289883
44.4847831726
43.4863679409
46.2298529148
45.8448040485
45.7461218834
45.4842920303
45.7584688663
45.4141180515
45.8758339882
43.887032032
44.9151909351
44.6261649132
45.3609640598
45.1757011414
45.7763772011
43.8997299671
45.2249510288
45.4641749859
44.9977989197
46.0978629589
44.5417602062
45.7275631428
46.0429670811
45.1635248661
45.6754188538
45.8727481365
45.552834034
44.472561121
45.4433200359
45.7783780098
45.4573588371
44.7003409863
44.78895998
45.0085041523
45.0540778637
46.5417730808
45.9394421577
45.8918788433
45.3723769188
44.9564599991
45.7133140564
45.3434188366
45.1730940342
45.9696919918
45.8388757706
45.5404708385
46.2722518444
46.0845742226
45.4247479439
45.4405400753
45.1569890976
45.7369630337
45.497481823
46.3837809563
44.8652889729
45.5977768898
46.0274250507
44.451529026
46.4375529289
46.0528519154
46.2261691093
45.7337491512
45.8269751072
45.0744068623
45.6417939663
46.1453831196
45.3312461376
45.8089189529
45.8317408562
45.1153697968
45.7234959602
46.5536718369
46.2694289684
46.2140111923
45.3225951195
45.9057929516
47.0504081249
46.0202548504
46.1678459644
45.9698600769
45.9032900333
45.2984368801
45.2913088799
45.9441249371
45.4644529819
44.5581269264
44.4357481003
45.2095768452
45.4611101151
45.3632211685
45.5333688259
47.404091835
45.2601079941
45.164700985
44.2779691219
44.9292709827
43.4011349678
45.5383541584
45.9796328545
44.6195809841
45.0785000324
44.8198771477
45.3624129295
45.4751079082
45.0091619492
44.9928719997
44.0313351154
46.1062209606
45.9641799927
46.311342001
45.6908078194
46.0913059711
45.6560280323
45.3746628761
44.8516480923
44.8742959499
45.6855561733
46.3629360199
45.0216841698
45.8503549099
46.3829801083
46.1420571804
45.8521490097
45.9751179218
44.8067688942
45.8550140858
45.5797560215
44.5893621445
45.7350931168
46.7563130856
45.1601600647
45.728703022
45.5083389282
45.3400909901
44.6240661144
45.6701030731
45.9165198803
45.5083210468
45.4032740593
45.9750170708
45.859598875
46.5574219227
46.0658149719
45.5030949116
45.7639420033
45.63991189
45.4015688896
46.299587965
46.7276749611
45.6125080585
44.6674749851
45.233479023
45.3106200695
45.6009011269
46.0685300827
45.4647169113
45.8557879925
45.9757781029
46.5358741283
45.2001068592
45.4353628159
45.8324520588
44.9142599106
45.07614398
45.7444989681
46.609992981
45.2240381241
45.7142159939
44.6411020756
46.1552789211
45.7694649696
45.0741848946
45.3401379585
45.7071540356
45.5284800529
45.4219808578
46.0472569466
46.4381570816
45.372399807
46.2563230991
45.8443520069
45.077504158
44.9108841419
45.644644022
45.3651189804
45.9527418613
46.5026240349
46.14179492
45.6412780285
46.2175741196
45.7251861095
46.7814888954
46.8714261055
45.5612618923
45.4549489021
46.5357949734
45.2823069096
45.2745449543
45.129625082
45.8600380421
45.8325519562
46.0021739006
45.6803381443
44.6432888508
45.6075959206
46.6310389042
45.090692997
45.7516510487
45.525883913
46.5541858673
45.3185758591
45.9939479828
45.9540560246
46.2986748219
45.9938941002
45.9131090641
45.1543331146
45.6735100746
45.6893191338
46.6936569214
46.1842188835
45.9675540924
45.654747963
46.4604279995
46.1880168915
45.8628129959
45.4514229298
46.0578269958
45.167345047
46.1780250072
46.6646101475
45.92208004
47.2631750107
45.8740720749
45.3999578953
46.808809042
46.3765389919
46.3024091721
46.1635890007
44.9831488132
46.6099200249
46.0454499722
45.2018158436
46.055929184
45.1082558632
47.3998169899
45.2274181843
45.8726680279
46.3935329914
45.1802871227
45.7184970379
44.3257930279
46.0050239563
45.3415529728
45.3270061016
44.9635100365
45.2432069778
45.0840449333
45.8035371304
44.7272720337
44.7728869915
45.3324348927
45.3101279736
45.3505499363
45.26998806
45.2677280903
45.1551048756
45.6815698147
46.3777530193
47.8921120167
46.0496790409
46.4828779697
45.8570039272
46.3718810081
45.2529549599
44.1174941063
45.5592730045
45.3458490372
45.6840949059
45.3031549454
46.250371933
47.0465381145
45.1780641079
44.9445440769
45.1872961521
45.2742769718
46.3571610451
45.500095129
46.3113291264
45.0512778759
45.0703339577
45.6206879616
45.6976299286
46.2720661163
45.1626770496
45.7032220364
45.1338279247
45.8316400051
46.736123085
45.7662320137
45.9535419941
45.7093501091
45.3324210644
45.1956708431
44.6702439785
46.5791931152
44.0976271629
46.6343140602
46.2959330082
45.2372238636
44.8942909241
47.0061559677
44.8011169434
45.7746400833
44.9578390121
45.416000843
44.3492078781
44.4400868416
45.2048299313
45.1182470322
44.9159429073
46.0086238384
45.3529372215
44.8334629536
45.2984850407
45.5206229687
46.7239699364
45.190130949
45.4183220863
44.9782850742
46.1498191357
46.2888741493
45.5977640152
45.2793149948
46.0249791145
45.045924902
45.7532539368
45.4511499405
45.6379139423
44.9780590534
44.5857429504
45.128978014
45.9727768898
45.5750510693
45.0685720444
45.0106608868
45.6522419453
45.7292740345
44.7708439827
45.0555188656
45.3413419724
46.1487088203
45.7882080078
44.748032093
45.8768930435
46.3639369011
46.0123870373
46.260766983
45.3787970543
45.6310670376
46.2226409912
45.5762162209
46.0293328762
45.7863681316
45.9385259151
45.5051870346
45.6866321564
45.0942008495
46.1521730423
45.0754358768
44.3653011322
44.8930468559
44.5008368492
44.6541280746
44.5098659992
44.2409899235
46.2579469681
45.401061058
45.2252328396
45.2921919823
45.2816548347
45.2647051811
45.8699400425
45.6036272049
44.8659090996
45.7566969395
45.8258321285
44.9669070244
45.3135859966
45.6137218475
46.6903660297
46.7024078369
46.0283148289
45.6144478321
45.1718680859
45.9626309872
45.1722090244
45.1959078312
45.952573061
45.7328538895
44.9016940594
