Experiment Results
5.301944829523563
4.464309087023139
4.794233992695808
4.943498203530908
4.5156642366200686
4.934957390651107
4.4681796953082085
5.396053943783045
4.906304502859712
4.865460690110922
6.192884972319007
6.263859182596207
4.7927076406776905
4.301260000094771
6.47414206713438
5.180954413488507
5.806052006781101
4.451470773667097
4.689179338514805
4.634986421093345
4.678282814100385
5.054435174912214
8.291014064103365
4.9845900647342205
6.192906899377704
4.725951049476862
5.268579259514809
4.96973479539156
5.172445122152567
5.885091399773955
7.798526808619499
4.8786660600453615
6.8002248872071505
5.982962030917406
7.0890325754880905
4.209983816370368
5.370170470327139
7.198440730571747
5.917772566899657
4.361963244155049
4.888263529166579
5.773694692179561
4.39430589415133
5.194798178970814
4.298091966658831
5.298167962580919
4.0026098024100065
5.175404921174049
4.375045681372285
4.604112200438976
5.188465122133493
6.681323921307921
4.901505645364523
5.496949382126331
5.795281125232577
4.48970546759665
5.801784930750728
4.467667870223522
4.3973849434405565
5.91100999340415
4.470000604167581
4.416315233334899
4.76715025678277
3.947185255587101
4.9683708269149065
4.676084969192743
4.776214264333248
8.21903975866735
4.169251477345824
4.831538271158934
4.5491564981639385
6.202532507479191
5.3254434466362
4.950276473537087
4.574580552056432
4.392322484403849
4.298516804352403
5.929091140627861
4.757151601836085
4.509890507906675
5.499913912266493
4.364587357267737
4.819581400603056
4.580960528925061
4.587185099720955
4.724706683307886
4.559456426650286
6.699950786307454
4.787809316068888
5.097522335126996
4.694760804995894
5.194059077650309
5.893805993720889
4.104836717247963
4.489165347069502
4.890426218509674
8.09613062813878
4.6903026830405
5.617283588275313
4.573258826509118
4.9409421775490046
6.594526233151555
9.93979082070291
6.164773616939783
6.091480700299144
4.093101961538196
7.058081667870283
5.57585933431983
7.7863725163042545
4.512907447293401
4.4604139644652605
4.6744574792683125
5.5911968648433685
5.024484368041158
5.72312056645751
5.1042200196534395
4.695243924856186
5.214487137272954
6.558153046295047
4.37942735478282
6.519748885184526
4.150323327630758
5.202591540291905
4.2858466897159815
5.983709987252951
4.712803672999144
5.448250224813819
4.405194582417607
5.675647158175707
4.598288284614682
4.852549819275737
5.333528826013207
7.884603817015886
4.464828714728355
5.619130590930581
4.5668583530932665
4.398526960983872
5.927009450271726
4.73786555416882
10.587697518989444
10.00158623792231
5.88009237498045
4.897677663713694
6.1341663636267185
4.555437583476305
5.078758228570223
5.099595308303833
5.780253222212195
7.43248987942934
4.541856313124299
4.205023983493447
6.1309225130826235
4.562518944963813
5.078689971938729
4.086273860186338
4.603723105043173
4.60466405749321
5.2696494329720736
4.790563659742475
4.402835052460432
4.872445996850729
5.250452084466815
5.085874142125249
4.542869353666902
4.89701128564775
4.32645601965487
5.558009568601847
4.90067769959569
4.382126517593861
5.008191578090191
4.075968690216541
4.600775312632322
4.821863489225507
5.366194162517786
4.695814872160554
5.770882463082671
5.122710358351469
7.279344517737627
4.778801431879401
7.490323467180133
5.207315746694803
4.156412145122886
5.426033966243267
4.404873885214329
5.1850668508559465
4.382745649665594
4.568430740386248
4.618998305872083
4.599055068567395
4.283861473202705
7.120744476094842
5.544914208352566
4.848798330873251
8.068107577040792
4.786856422200799
4.395352728664875
6.283329494297504
4.400833088904619
4.813156314194202
4.422746442258358
7.018271079286933
5.069404097273946
7.046277195215225
5.567423697561026
6.447327878326178
7.020805487409234
6.366873096674681
4.520927872508764
6.126358387991786
5.026317924261093
6.7708844020962715
4.981088759377599
5.082315506413579
5.077939318493009
4.7427096255123615
5.97068951651454
4.362749086692929
4.778883637860417
7.295998154208064
4.81202601455152
4.858724074438214
4.2733218520879745
4.713631106540561
4.9672186728566885
5.998508505523205
5.064835358411074
4.993616230785847
5.081932345405221
5.511277521029115
4.801456810906529
7.468111990019679
5.183679705485702
4.995385902002454
4.889029169455171
5.065079562366009
4.928729800507426
4.652070909738541
4.926549565047026
4.758303303271532
8.91912074945867
9.988074893131852
5.27563850954175
4.684661542996764
4.288971660658717
4.5824982319027185
5.189767569303513
4.689163368195295
5.015649726614356
4.576622981578112
5.227189630270004
5.644786585122347
4.409625193104148
4.173425782471895
7.69806351698935
4.201542139053345
5.571511540561914
4.095919771119952
5.027065612375736
4.961872901767492
4.7141025345772505
4.67250070720911
4.6937291994690895
4.625127587467432
4.604066314175725
4.754213819280267
4.005168376490474
5.67173096165061
4.492904299870133
4.203381184488535
6.505433326587081
5.876889277249575
4.597488529980183
5.828254548832774
4.242630330845714
6.395248118788004
4.492402587085962
5.128067415207624
6.800362823531032
4.751961713656783
4.510427959263325
5.672873543575406
4.6935980673879385
4.818807186558843
4.46152438595891
12.519525559619069
4.841062555089593
4.569161489605904
4.338263113051653
4.6065504886209965
4.4883001614362
4.639328297227621
4.251242484897375
4.302227076143026
4.286757534369826
4.493034357205033
4.437068631872535
5.356972837820649
4.800329556688666
4.879010364413261
4.682784011587501
5.967743739485741
5.168859161436558
7.754975927993655
5.693092493340373
6.63259844109416
4.94232165440917
9.720442473888397
4.1973405834287405
4.287693537771702
4.969454661011696
7.711522027850151
5.1766459830105305
4.17994268797338
4.986734734848142
5.597277974709868
4.303843934088945
4.851236112415791
5.194115789607167
5.018393291160464
10.127072520554066
5.538520684465766
4.753197092562914
4.905840735882521
4.7666484285146
6.296024737879634
4.592570070177317
5.030518863350153
4.646278418600559
5.2023970130831
5.568857427686453
5.585883533582091
6.603856744244695
5.265184780582786
5.496722165495157
6.4871542900800705
5.485658653080463
4.904776668176055
7.5066857896745205
5.755427531898022
5.3915134370327
16.589893341064453
4.696154730394483
10.565143026411533
21.027718599885702
15.293822402134538
5.195827892050147
5.891689535230398
6.6657124273478985
5.3890029564499855
5.6928454376757145
5.065076533704996
11.173588061705232
5.758901679888368
9.704531105235219
5.6698065008968115
5.48707096837461
5.411574503406882
5.376309832558036
5.182834004983306
4.963755950331688
4.112042307853699
4.795206300914288
4.532574083656073
4.94968201033771
4.3226343132555485
5.079041179269552
5.484580924734473
5.19792490452528
6.681550431996584
5.085585417225957
4.604726856574416
5.8925685696303844
4.298864481970668
6.485243214294314
4.975037319585681
4.92662806995213
8.400121036916971
5.166296968236566
4.777865082025528
4.505725115537643
4.523847877979279
4.99396500363946
5.460894774645567
4.216953542083502
4.975832007825375
4.833191059529781
5.45148398168385
5.232398735359311
4.280877906829119
7.449245909228921
5.40986143797636
4.663994390517473
5.013991532847285
4.199795052409172
4.982580939307809
5.008703639730811
4.980908682569861
4.609282096847892
4.76700484752655
4.425037402659655
8.535144442692399
4.786873757839203
7.244806695729494
10.080211814492941
4.903176529332995
4.584894120693207
5.3438085205852985
4.88491952419281
6.496211010962725
6.5466956701129675
4.830305313691497
8.96763364598155
4.762604841962457
4.493770370259881
6.199951009824872
5.975035652518272
4.884720556437969
4.9908777717500925
4.678516807034612
4.611532175913453
5.971593426540494
5.576328771188855
5.005483338609338
5.3886385448277
5.863639494404197
5.259013211354613
5.605540772899985
4.29604497551918
5.0080605167895555
5.874769888818264
4.394002955406904
16.888356685638428
5.684952912852168
4.416935473680496
7.857832361012697
4.273159256204963
4.932378316298127
5.1575147565454245
4.883873431012034
9.203865161165595
6.320569459348917
4.4827014449983835
5.299571435898542
4.867132341489196
4.472455933690071
4.689340041950345
6.894521217793226
4.991057695820928
7.440159481018782
4.440006323158741
4.4045816492289305
5.931871084496379
5.045832350850105
4.464776150882244
4.3282641265541315
5.782804800197482
4.674296971410513
4.353542456403375
4.3550648130476475
4.47851263359189
5.102348238229752
6.715107413008809
5.285363866016269
5.3786722626537085
5.4674261678010225
4.613691233098507
5.471104895696044
5.708672119304538
5.590887393802404
5.401424009352922
5.676672864705324
4.70078950189054
5.48375672660768
4.599074877798557
4.984319012612104
4.491493673995137
6.089813306927681
7.3323470167815685
4.46751962788403
5.487141637131572
4.1882442235946655
5.038678323850036
5.216032056137919
4.441586751490831
8.09553137049079
4.871263649314642
22.47146639600396
4.514649173244834
4.894036402925849
5.306522918865085
15.082926893606782
6.513420272618532
4.570520082488656
7.195116885006428
7.392873033881187
5.183948194608092
5.28480987995863
5.2102890610694885
4.811738658696413
4.8773280791938305
4.346605779603124
4.899648426100612
4.9501713663339615
4.582119349390268
4.5601365230977535
4.616362322121859
5.693728348240256
7.301103288307786
4.78315001167357
4.302882442250848
4.891897274181247
4.3667724300175905
4.673522023484111
4.898894045501947
5.171623878180981
7.897238498553634
5.106323013082147
4.755743796005845
4.583995288237929
4.39445492438972
4.7963871993124485
5.471235120669007
6.091421322897077
6.001308292150497
4.490719344466925
7.182303035631776
5.395056126639247
17.08113258704543
6.393740741536021
7.07658532820642
4.6755860690027475
4.2980641182512045
5.089153589680791
4.894848808646202
4.912524778395891
4.957601014524698
13.766616594046354
7.523478865623474
5.720112880691886
5.449864935129881
5.887909047305584
4.5973201133310795
5.093510616570711
7.211859164759517
4.700546080246568
4.459074322134256
7.010439366102219
5.65384167432785
4.600816294550896
7.5061877053231
5.788022672757506
4.695578591898084
6.185193218290806
4.4973438158631325
4.440816085785627
6.6665554996579885
4.686056228354573
4.996830707415938
4.9477775022387505
5.402216382324696
4.825447907671332
4.747782118618488
7.206405561417341
4.59941023401916
5.253682924434543
4.388149255886674
5.809224801138043
5.670750671997666
5.822796501219273
4.783099859952927
4.863598857074976
3.998836910352111
5.725485568866134
4.488813150674105
7.276229303330183
6.998773097991943
8.673214390873909
4.4964585211128
15.792335100471973
6.567476395517588
4.929482765495777
4.87963679805398
5.486246805638075
5.734722543507814
5.349001783877611
5.2318009454756975
5.20995800383389
4.746904237195849
5.23405004478991
5.2329037841409445
5.814308537170291
4.684083983302116
4.919130299240351
4.574022550135851
4.9918302446603775
5.999165661633015
4.394272472709417
6.094222292304039
6.615771109238267
4.7751095443964005
