Experiment Results
16.4238109589
12.436011076
12.232019186
12.5683510303
12.4338600636
13.0681509972
12.1795320511
12.3572449684
12.1543059349
12.6817610264
11.6727130413
12.2010149956
12.9398980141
12.5095179081
12.4031391144
11.989552021
12.1141650677
12.2402319908
12.1972088814
11.7847709656
12.1334681511
11.9943041801
11.9856960773
12.1502280235
11.8752338886
12.6812210083
12.6012349129
12.8473191261
12.3911828995
12.4576089382
11.7040820122
11.8462789059
11.8746669292
12.2048149109
11.8074300289
11.8594191074
12.5644080639
11.9332180023
12.646846056
12.5678122044
12.3266921043
11.7456140518
12.2805011272
12.0650000572
11.9069981575
12.6751329899
11.8715469837
12.0056800842
12.357640028
11.592815876
11.4023640156
11.5603528023
11.6239659786
11.7513439655
12.3056869507
11.7821340561
12.5439631939
12.0799329281
12.302738905
12.0203449726
12.7169799805
11.3849258423
12.2109539509
12.7095220089
12.5585379601
11.7952709198
12.2037100792
11.8512001038
11.8072140217
12.2662799358
12.4815950394
12.1184949875
11.3968322277
13.0427918434
12.0446660519
12.1548099518
12.4962029457
12.2671301365
11.7928791046
12.6802859306
11.9073169231
12.4666059017
12.0032708645
12.2850730419
11.7788600922
11.6130349636
12.2869031429
12.3003950119
12.7703118324
11.57655406
12.1172158718
11.7584729195
12.0273520947
11.8721199036
12.080436945
11.9892299175
12.1002678871
11.8947870731
12.2759830952
11.889829874
12.1267678738
12.6785650253
13.1138808727
11.9245359898
12.4600310326
12.3770809174
12.3694248199
12.9801130295
12.1603209972
12.6775519848
12.1672420502
11.9538960457
12.2774071693
12.2716839314
12.4328770638
12.220459938
11.9797041416
12.2396640778
12.0523970127
12.3354969025
11.7543480396
11.7973320484
12.561234951
11.8574490547
12.7713041306
12.2907009125
12.3580229282
12.7217240334
12.5611000061
12.7606351376
12.071449995
12.1020350456
11.8518569469
12.094588995
12.5755441189
13.4817540646
12.3009550571
12.1755650043
12.3279271126
12.2202429771
12.4640851021
12.1807851791
12.3851349354
12.3908948898
12.2733418941
12.1879611015
12.5111780167
11.951873064
12.004817009
11.8718569279
12.1741979122
12.2852010727
11.6113650799
12.1716549397
11.8690931797
11.8891990185
11.6682760715
11.926060915
12.2594950199
12.6755750179
12.3003671169
11.666082859
11.4276030064
12.0499198437
11.9845747948
12.398431778
11.9069859982
12.2776398659
12.474572897
11.9895570278
12.382707119
12.0789139271
12.907335043
12.5051019192
12.3078780174
12.1563489437
11.6156029701
12.1253011227
12.0972831249
12.1172609329
12.073622942
11.9969439507
12.3613219261
11.6891078949
12.4182159901
12.1720731258
12.0730030537
11.8006570339
11.4876539707
12.2121169567
12.2736980915
12.6988780499
12.6809360981
11.9766302109
12.2116339207
12.0678868294
12.3833329678
12.0075998306
12.3805429935
11.8952839375
12.7063040733
12.1283061504
13.7086730003
12.9473600388
12.7787098885
14.5537230968
12.7676379681
13.4910020828
12.8571639061
13.4428339005
13.9631679058
13.9964079857
12.9830749035
12.6610400677
12.5916011333
13.0686969757
13.623000145
12.5916018486
12.112131834
12.6540038586
12.3877580166
12.2520091534
12.8794600964
12.0579850674
13.2905459404
11.7847568989
12.6822588444
12.3529338837
13.3794541359
15.8646330833
13.503606081
12.8053510189
12.4681909084
12.2573781013
12.4761891365
12.3700580597
12.5812888145
13.4082109928
13.4296021461
12.5075860023
12.6967401505
12.5766170025
12.4698848724
12.0763719082
12.4077608585
12.5557670593
11.8777709007
12.6967489719
12.689688921
11.4724748135
12.1800670624
12.5063838959
15.5624229908
14.9084050655
13.1676290035
12.218211174
11.6837799549
11.9435811043
12.2892379761
12.3930110931
12.9953770638
12.0912108421
12.3778009415
12.2072660923
12.9584481716
13.2109618187
12.1854801178
11.794686079
13.4759588242
13.808519125
12.897040844
11.9625358582
13.2820930481
11.9900901318
12.489221096
13.5821299553
11.9983069897
12.3602759838
12.4076588154
12.6128869057
13.2133600712
13.0287079811
13.2064888477
12.3595919609
11.7990410328
12.0977609158
12.2905359268
12.1760880947
12.0062000751
11.8565578461
12.4800868034
13.1959700584
12.5011050701
11.8794209957
12.114440918
14.3746979237
12.805316925
12.7623121738
12.0690870285
12.1257300377
13.2745559216
13.0849239826
13.3840250969
13.0254039764
13.3774819374
12.5779988766
14.2774450779
14.3483870029
13.0903580189
12.3277578354
12.5120890141
12.6498711109
12.3560581207
12.8755419254
12.452393055
12.1689138412
12.5150799751
13.0701749325
11.766425848
14.2052490711
11.9352600574
12.3826911449
12.3656468391
12.1920590401
12.7531900406
12.4774258137
11.8966889381
12.0754101276
12.2014250755
14.6613578796
11.5518829823
12.8980741501
12.5897669792
12.3479509354
12.6975309849
14.4727089405
13.7368431091
12.2261359692
12.6054599285
14.058150053
12.9770030975
12.3167550564
11.9527850151
14.5844490528
12.6857640743
12.2355241776
13.1161518097
13.0766479969
12.2981338501
12.0635051727
11.9975011349
12.605036974
13.0737640858
13.0906069279
13.0823159218
13.1085128784
12.0729601383
11.8553709984
13.2131309509
11.2849240303
13.5713720322
12.4051198959
12.366697073
13.0262069702
12.6243970394
12.2073709965
12.205794096
12.6840200424
13.0923879147
13.8278579712
11.8742208481
12.5943820477
12.8512179852
11.9915380478
12.9728548527
13.6884479523
12.1848881245
11.7773728371
12.2010600567
12.3714809418
12.2150430679
12.6637680531
13.2041809559
13.1467161179
11.4140307903
12.6246891022
12.167673111
12.2056028843
13.4512109756
11.9713711739
14.5513141155
12.6442608833
12.0888979435
13.38270998
13.3693790436
13.3031468391
11.9154338837
14.4540071487
14.3092088699
12.0760610104
13.6880488396
14.2384898663
13.5413360596
12.063352108
12.4360849857
12.3704950809
12.4478039742
13.283372879
12.5842759609
12.8603651524
12.8463640213
11.7938740253
13.3689100742
12.358091116
12.2565410137
12.5936861038
12.473263979
11.9469749928
12.1897969246
12.0641839504
12.1946959496
12.8716509342
14.5702259541
12.4556488991
12.2909700871
11.8638801575
12.2866740227
12.9703989029
12.3019039631
12.7610180378
12.3898699284
12.5758829117
12.7567579746
12.3784530163
12.4261088371
13.0310177803
12.7086620331
12.7749559879
12.372923851
12.0951709747
12.865803957
11.4188010693
12.1492071152
15.7786879539
13.3787779808
13.6826679707
11.8860969543
12.2836449146
12.090129137
12.1747608185
12.2183849812
12.0765619278
13.0644631386
11.9861989021
12.1195781231
12.6567258835
12.5816440582
13.5674760342
12.0023128986
12.0277459621
12.243847847
11.8897950649
12.4895861149
12.5805981159
12.4925889969
12.1641530991
14.3013370037
14.5031840801
13.2872729301
12.692168951
12.5665168762
13.4715759754
13.167935133
12.8166611195
13.6667470932
14.4881660938
13.5080389977
14.6903560162
11.9999969006
13.2664871216
13.7041118145
13.7432849407
12.687928915
12.2657029629
12.2378349304
11.9897649288
11.8046009541
12.0489549637
12.086881876
12.9085481167
12.6862280369
13.367636919
12.2149028778
11.7770931721
12.0982899666
14.0764961243
13.9694771767
14.9005258083
12.9387180805
11.7199370861
15.122205019
12.6203789711
14.333288908
16.6488790512
12.2727949619
13.0615701675
14.0538339615
12.5630161762
11.8416512012
13.5171530247
12.7717001438
14.7744581699
14.0450370312
11.9126460552
11.7551591396
12.3875920773
12.1517460346
14.0707530975
12.6930170059
14.2318952084
12.3768470287
12.1875369549
12.1861109734
12.7251470089
14.5170021057
12.5722439289
11.5631752014
12.8083708286
12.7566239834
13.781717062
12.3683481216
12.859183073
13.4965100288
12.9789168835
12.957351923
13.1908130646
13.2959558964
12.5480670929
12.5085430145
12.1567950249
14.7939829826
12.8088078499
12.5474939346
14.1154260635
13.6457509995
13.5055730343
13.9941198826
13.1591260433
12.0951659679
11.960313797
12.6039288044
11.6099581718
11.8894948959
12.1596200466
12.3972420692
12.0674130917
11.9997410774
12.0211598873
12.4486351013
12.0934309959
12.6668767929
11.9828569889
12.9092609882
13.4205360413
14.3386049271
12.5048649311
13.2740399837
12.8772010803
12.8973031044
12.0780308247
12.2796850204
15.7359290123
13.959594965
13.1947040558
13.2982258797
15.3638818264
14.5126948357
12.3623461723
12.877477169
12.6105899811
12.5794019699
14.4860770702
12.2978620529
12.3753049374
13.0879850388
12.2050709724
11.6592440605
12.1577959061
11.9350280762
11.8877429962
12.1795489788
14.7032358646
12.3821458817
13.6980528831
14.5969848633
12.5799689293
13.580103159
12.9757080078
13.510363102
13.2930700779
