Experiment Results
1007.85017514
1006.24149919
1006.06280899
1005.95665288
1005.37191391
1006.08311105
1006.56507993
1007.98933506
1006.22385788
1006.89447784
1006.05400109
1006.87466097
1005.99200988
1005.36071801
1004.66018891
1006.938941
1005.97001696
1005.74724984
1005.84091496
1005.40260792
1005.65055394
1005.89012003
1008.19501305
1007.97353196
1006.89992714
1005.93241286
1005.88206911
1005.76736307
1005.86543989
1005.36261106
1005.76588488
1007.22191787
1007.25415993
1006.57675195
1005.00885487
1005.13546705
1005.705832
1005.08351302
1005.92685604
1006.963485
1005.48057413
1006.37163186
1004.65658307
1006.60957813
1005.44694805
1004.88036299
1006.66037011
1008.58141899
1007.14809799
1006.68103886
1004.66285014
1004.70251298
1004.73741984
1007.04930282
1007.08564997
1007.0904038
1006.76503611
1008.3032639
1007.05828595
1008.72347212
1008.34229898
1007.67542195
1006.38945007
1015.26386905
1006.85736704
1021.40029502
1037.201087
1008.0938189
1035.16480613
1007.35148501
1037.79645896
1006.46795392
1033.01994109
1005.91072202
1019.38670492
1032.39930892
1008.938766
1039.89489007
1007.23176193
1036.06623197
1007.28533411
1035.57144809
1007.66654181
1034.56010103
1029.13032198
1008.09331584
1035.55720305
1008.44936991
1029.01083899
1005.15709114
1036.98299694
1004.97150803
1005.05749202
1039.07409596
1010.01083589
1042.25322199
1008.9471941
1034.95119405
1007.76996398
1043.50121808
1006.90574408
1009.58412504
1043.32772112
1037.29953599
1036.84815097
1007.24406791
1032.35781598
1008.01595306
1042.15564299
1005.58059096
1028.65019894
1020.31436992
1046.56432295
1041.54383707
1008.4422698
1014.06812906
1005.7936182
1020.26009798
1006.27998185
1029.68830609
1006.33841705
1030.79918408
1033.55706406
1006.15587687
1010.18558598
1006.37118006
1010.12444901
1007.75510406
1025.21343017
1006.07924509
1017.0606811
1022.679842
1008.5515461
1024.65675497
1005.88761282
1025.63837695
1005.12158704
1024.33244085
1002.96140695
1023.88573408
1028.81239891
1003.69751
1010.88011789
1004.38784504
1027.623559
1005.49479103
1028.97445011
1008.18521404
1006.49472213
1041.342309
1007.57992005
1032.86826086
1006.19673896
1040.66317296
1007.91571403
1040.5162921
1007.69720411
1023.96068883
1024.89508009
1024.01730204
1025.03774309
1006.89109182
1032.76122093
1004.27006292
1017.86268592
1003.82229614
1042.55144596
1003.69117403
1045.54926205
1033.37932515
1006.065907
1045.87638712
1006.069175
1036.56410313
1009.10139799
1049.86661315
1010.35091901
1034.49420309
1019.54868889
1007.51045513
1020.97631192
1004.67654705
1008.657866
1007.01532698
1035.43012714
1009.66650796
1008.51936483
1047.34498787
1021.86224818
1017.7536509
1007.80518794
1016.17178583
1008.50318408
1031.34390998
1007.072963
1009.05915093
1015.56393218
1026.77069807
1037.83363986
1007.90797901
1018.67510414
1006.77636909
1023.86931086
1006.74911809
1019.44939494
1020.31614494
1008.96126294
1033.46427011
1004.17744899
1016.042171
1006.86545706
1020.46998119
1004.44666409
1019.02222085
1016.91768718
1037.1621449
1055.45011711
1004.45338202
1034.98045993
1003.87537503
1024.626719
1006.63558006
1022.05917788
1004.46207309
1044.85163093
1033.87432408
1005.272614
1032.66058707
1005.68516707
1016.58147597
1005.23185301
1021.29696298
1005.16462684
1010.5954771
1039.04730105
1006.97730899
1017.90899086
1006.84935689
1007.844208
1005.49318004
1031.25040102
1007.44956183
1055.73892093
1010.03071809
1003.141119
1026.85837388
1004.39766502
1024.62112713
1005.96777487
1030.9615829
1004.97935605
1005.22810602
1006.29276514
1010.84780407
1025.29445887
1009.15585685
1030.76275706
1006.50718212
1037.26773405
1006.04834008
1014.00812411
1005.05183411
1007.68346
1028.37189388
1004.25173616
1019.099473
1005.94356585
1028.45057607
1003.28891778
1031.38565993
1005.03403807
1019.30640101
1033.85446
1005.42753506
1039.93379784
1006.10679984
1024.56354403
1007.11995316
1035.24915886
1006.61606002
1010.48459983
1016.07977104
1006.38515592
1025.15639687
1005.89144206
1029.48655796
1006.31996799
1018.28702998
1005.46658111
1035.29039598
1014.34479499
1005.36860895
1028.93195605
1005.31236005
1016.14332986
1006.1474278
1019.70023203
1006.30856895
1014.94556999
1016.85430098
1005.28752804
1028.84878898
1004.90991211
1015.58026195
1004.55996799
1035.79115605
1004.57009006
1006.57315993
1024.93048596
1006.78161311
1025.98523998
1003.93018985
1012.7769351
1005.84779787
1029.3063848
1005.94507885
1006.92021608
1028.52488184
1018.04392385
1013.26715016
1006.23826814
1053.87189412
1005.66346598
1029.73585892
1005.06246305
1012.639148
1014.45387793
1028.65396309
1046.02253795
1004.96585512
1023.9746449
1005.92946601
1013.09724283
1005.94310713
1005.84571815
1006.37396502
1004.96171403
1005.56808496
1004.318326
1003.87653494
1003.43849778
1005.2318089
1004.962291
1004.87372899
1008.94745803
1005.59005904
1007.03933287
1006.09585214
1004.46725106
1004.58512998
1005.83284783
1006.61007404
1004.22684908
1004.85261011
1005.76778698
1006.386163
1007.38831496
1003.92985892
1004.64667678
1006.17298102
1006.18771982
1006.75406504
1004.92885017
1005.53696394
1004.85881996
1005.54406905
1006.20254993
1004.76112604
1005.27946687
1005.35677505
1005.29299092
1004.47916603
1006.92793083
1004.17379808
1004.96519303
1003.98264217
1004.59306502
1006.64910507
1005.7427032
1004.86653304
1006.33608603
1005.66481805
1004.08541107
1003.34051895
1003.45173502
1006.05453086
1004.88945293
1005.45596313
1005.11334705
1006.60729098
1004.35934806
1006.92370987
1004.86049485
1020.57498693
1006.98336291
1034.76671004
1006.75100899
1033.78945398
1005.87072587
1043.58912301
1007.670681
1020.36112285
1024.62868786
1006.61422992
1028.12964892
1007.66235805
1025.44306111
1008.2775321
1023.93034601
1006.31923389
1029.375561
1019.47754908
1005.25731111
1037.08614016
1008.27864099
1018.50439501
1006.51896882
1018.71768999
1006.09114313
1015.57576489
1020.07763314
1005.56798506
1009.85394692
1007.04932094
1023.27595091
1007.58260894
1022.07094693
1006.27090216
1029.37639809
1008.54176784
1005.04891706
1016.97207904
1005.33141494
1025.00062299
1004.50866604
1032.08703709
1005.7876699
1020.16831613
1013.96675897
1038.45548606
1013.07865715
1003.3248651
1020.58516598
1003.76433206
1016.93951917
1007.18192887
1026.41229105
1004.53062391
1015.71845698
1019.85368896
1003.67218494
1022.32998419
1003.48034191
1028.30178595
1002.53853202
1022.38053894
1002.46368504
1009.59384108
1014.26111102
1024.47433305
1025.758919
1004.79555917
1028.76421309
1004.13571596
1035.68231702
1002.16398191
1030.77451491
1005.47168517
1016.21699786
1022.15121603
1004.47275496
1010.65330696
1004.70228386
1021.63897586
1004.18156195
1026.44456792
1003.26427603
1017.08247399
1023.47220206
1039.94737792
1037.351197
1004.19838095
1038.33350396
1005.17782307
1042.33112288
1006.37711287
1041.90512085
1006.7008431
1029.0642221
1041.28429294
1002.81949401
1014.54451013
1002.85061502
1030.99368906
1005.26583099
1051.37670302
1003.65683293
1021.57824612
1019.07211804
1042.19001818
1034.03764105
1003.15688205
1049.02666998
1007.85465002
1036.58905602
1006.71581793
1045.02720809
1004.14428306
1050.2445209
1042.35554099
1005.34296417
1041.28074098
1005.76328421
1032.35268307
1003.85589504
1007.54350019
1002.6644249
1016.33258104
1012.18227696
1007.25880599
1041.75951004
1002.5537951
1035.35740089
1004.15656686
1055.98329401
1006.758008
1004.50707102
1027.5890429
1058.86047196
1051.64503193
1006.18017292
1030.18138385
1005.66025901
1042.07512999
1008.55195618
1060.68796492
1005.90838885
1050.294276
1018.76338196
1004.39631701
1057.96890211
1004.6434691
1024.48245502
1005.19121313
1037.68135786
1004.66935301
1012.15402007
1021.67036796
1048.07912493
1030.04987407
1003.68729806
1036.65795088
1004.25518703
1044.48218799
1005.16459584
1020.2722261
1005.74990296
1021.51827383
1024.08051586
1003.00188518
1026.49802017
1003.342628
1019.49857378
1008.22223997
1032.49238205
1005.5371089
1013.18941498
1008.65430498
1034.57896185
1037.85331988
1004.97544694
1036.08615708
1003.542799
1039.73926806
1005.39220309
1038.66752696
1004.73023105
1045.18023086
1044.02456403
1006.50994205
1045.73954678
1005.28458405
1040.84852386
1002.35382795
1042.56112599
1004.79692793
1021.552881
1026.86297989
1042.84639096
1044.64292383
1004.76000118
1042.774405
1005.38798499
1043.96501899
1005.734797
1043.5720408
1005.78184485
1043.35385394
1044.96442699
1004.98475599
