Experiment Results
493.728569984
489.423290014
487.839066029
489.557955027
487.668598175
488.08108592
487.240811825
489.744249105
490.935968876
486.843929052
488.171962976
487.557471991
488.175725937
486.972487926
486.191874981
489.140345097
488.990466118
490.234627008
490.877295971
489.50181818
488.549580097
488.942672968
486.457887888
488.065578938
486.651073933
487.694108963
487.656787872
487.447928905
488.863080978
488.053606987
490.282179117
487.388582945
491.756327152
489.32879591
490.501543045
489.762042999
487.379937887
488.792555809
488.166368008
487.566580057
486.862030029
486.464428902
487.953533173
487.804084063
487.855872869
487.60559392
487.645004034
487.480319023
486.768528938
487.742237091
488.406648874
489.048875093
489.198861122
487.57109499
487.199640036
488.535483122
487.951380014
486.552120924
486.594560146
488.879884005
487.130738974
487.696027994
487.265718937
488.564969063
488.083689928
488.543148994
486.894072056
489.066586971
487.782695055
488.126205921
487.284469128
487.604933977
487.653719902
487.653697014
486.421636105
489.723091125
487.648605824
487.588711977
490.859419823
487.826332808
488.603493214
489.051808119
488.36165309
490.473461151
490.165146828
490.871278048
489.937258959
486.963037968
487.964426994
489.827960014
487.999538183
487.635438919
488.163530827
489.987756968
487.919749975
489.067174911
488.043471098
487.990046978
489.15921402
488.490797043
488.489825964
487.643274069
490.455219984
489.967361927
488.758510828
489.873883009
487.963056087
488.165589809
490.284264088
489.344753981
490.065331936
490.667034149
488.879264116
488.768720865
489.853303909
489.78994894
488.330273867
489.857506037
487.460062981
488.84029603
489.37550211
489.871936083
488.335989952
490.019320965
489.855814934
489.775245905
489.055907965
489.17594409
488.967646122
487.757699013
489.652683973
489.257153988
488.264578104
488.076715946
488.067781925
487.957802057
487.880135059
488.46796608
488.252979994
488.755833149
489.961208105
488.049142122
488.672908068
488.176743031
490.961869955
489.283943176
487.171270132
489.161971807
489.88136816
489.148173094
489.556716919
488.863392115
490.095436096
487.867956877
487.573721886
491.495934963
490.608803988
488.884175062
488.078138828
488.072669029
488.558451176
487.868965149
489.340337038
487.98190999
488.281803846
488.845059872
487.871855974
488.67277503
488.579488039
488.904711008
489.829110146
491.263795137
491.086236
491.041701078
488.799657822
488.063426018
487.037650824
489.983968019
490.762013912
492.151781082
490.341310978
489.310291052
488.94653511
489.058319807
489.154934883
486.400247812
489.596907139
487.994142056
487.413455963
488.332064152
489.837449074
489.569551945
487.790920973
487.516406059
488.003778934
487.214784145
487.938946009
487.502850056
487.533102989
487.758352041
488.040368795
488.983930111
489.014334917
490.040535927
489.713020086
488.739156008
488.579746008
487.333595991
487.150373936
488.33368206
487.829150915
486.000240088
487.664489031
488.299777985
487.955629826
487.238232136
488.891899109
488.038086891
488.998970985
488.870954037
490.563319206
487.552510977
488.984333992
486.79258585
487.600581884
486.829715014
488.382591009
488.112514019
487.215972185
489.132337093
489.891070843
490.171010971
486.947048903
488.013082027
489.320946932
490.050780058
489.450906992
488.584414959
488.77434206
487.864876032
487.576961994
487.125333071
487.245656967
488.133033991
487.743556023
488.098101139
488.853507996
488.187094927
489.657844067
487.536352158
488.567271948
487.286590099
487.584009171
489.395486832
489.597494841
488.754030943
492.479459047
488.529050827
489.083379984
490.752287149
490.206075907
489.155746937
488.36265707
488.479244947
487.463329077
489.360641003
487.213234901
490.451514006
488.069672823
487.849782228
488.051586151
488.452867985
487.706700802
486.433279037
487.003221989
486.818525791
486.695155144
486.39282608
485.950481892
487.371202946
490.779479027
485.885928154
485.765177011
489.20142293
498.739726067
488.674002886
485.57242918
487.969076872
487.91334486
486.539883137
499.001966
502.952593803
488.957908154
490.387660027
489.969511986
500.140344143
488.277909994
491.762502193
488.367014885
490.756197929
489.87640214
505.001608133
502.225889921
488.767382145
490.641867161
490.370251179
509.348913908
488.114681005
488.822423935
487.759785175
487.655831099
488.248389006
503.776357174
503.066679001
487.786472082
489.551029921
487.992755175
497.058753014
486.263458967
488.869782925
488.327027082
488.056637049
488.943588018
486.435041904
501.732198
487.809158087
488.142745972
492.274951935
505.682600021
487.644368887
486.656360865
489.073737144
502.460515022
486.397161961
486.460199118
486.970643044
488.204746962
486.937273026
503.167704105
503.372681856
487.51686883
490.724812984
488.758641005
504.228083849
488.427845001
489.575018883
490.558105946
490.912980795
489.354955912
507.734040976
496.564378977
489.283905029
490.530623913
490.12273097
491.545188904
488.645774126
486.54762578
490.995246887
490.906447172
488.928620815
507.104413986
498.524492979
489.745022058
490.769525051
488.169311047
500.264652967
488.626251936
488.813994884
491.265287161
488.172793865
489.495158195
489.350673914
504.902710915
491.24323988
492.071045876
491.191000938
506.826093912
488.31840992
490.363965988
491.228752136
509.78611517
487.658023119
488.742204189
488.595724106
489.155718088
491.688140154
492.256338835
505.461230993
486.87290597
489.457988977
487.900192976
492.631369114
492.151766062
489.646673918
489.239850998
487.831935883
489.356647968
507.902331829
512.662998915
489.854969025
488.984899998
489.581332922
498.56002903
489.20985198
487.463247061
489.626016855
489.451154947
489.217654943
491.414317131
502.84665513
488.761588812
488.111097097
489.295234919
498.380835056
487.142144203
487.998404026
488.129076958
488.660479069
485.750264883
487.59818697
507.452960014
487.989192963
487.268953085
498.139593124
512.481575012
485.439975023
487.880054951
487.747286081
495.88273406
486.544301987
488.949346066
486.313052177
487.019866228
487.129323959
494.748445988
488.837506056
487.744570971
487.380261183
488.07830596
500.162586212
488.270385981
486.966537952
486.866107225
486.675626993
487.063377857
491.729758978
512.237151861
487.377357006
487.439719915
487.979191065
512.070468903
488.264383078
487.878308058
486.882200956
488.025824785
488.274333
512.843206882
491.892205954
487.88466692
487.154904127
488.162833929
489.959431171
486.845431089
487.289943933
487.57319212
488.93997407
488.299317837
488.156910896
492.255941153
488.370454073
488.259189844
490.474174976
498.700232029
487.610049963
486.960952044
487.000430822
499.560167074
488.182662964
488.449180126
488.060247898
487.267086983
486.571228981
489.357537031
496.184563875
487.999360085
486.450324774
487.774507046
497.163724899
487.56148982
490.055016994
486.93406105
488.797430992
487.358610868
493.486088991
492.76591897
487.673001051
486.870593071
486.186933041
488.269447803
488.26187706
486.366696119
487.37463212
488.548666
486.789767027
500.568832159
493.660053015
487.35541296
488.133325815
486.624982119
492.369553089
487.386944056
487.844116926
485.952073097
486.821916103
487.459675074
487.296226025
499.031129122
487.723762035
485.814461946
496.393536806
494.647727013
487.231345892
487.879188061
487.769220829
494.544891834
487.595317841
487.080177069
487.968833923
489.194398165
488.474627018
498.245632887
508.379616022
488.68640089
488.372878075
487.648877859
500.652736902
488.760094881
489.056910992
487.447275162
487.077188015
486.17476511
502.741354942
490.289528131
486.889037848
488.347236872
487.06791997
488.47626996
489.848004103
488.838646173
488.223222017
488.797476053
487.847869158
490.589257002
497.774922848
488.262692213
488.776328087
488.337145805
498.718184948
489.249300003
488.628297091
488.108901978
489.154600143
487.425848961
489.075773001
491.972894907
487.81856513
486.823612213
487.384638786
489.874768019
488.561756849
487.381946087
489.256432056
493.575804949
487.445305109
488.088176966
487.481120825
487.156348944
487.459841967
492.669398069
490.540899038
487.757266998
488.409544945
488.330576897
507.564389944
488.274133921
487.782438993
487.019850969
488.617634058
487.893172979
494.258202791
490.801917076
488.136787891
489.141858816
489.571964979
507.874655962
488.512984991
487.528865814
486.843090057
488.597229958
488.888722181
