Experiment Results
12.912113905
17.6387660503
17.9414508343
18.7189240456
18.4982731342
12.6314191818
16.9512720108
18.3836259842
18.6500511169
13.8095541
16.6835031509
15.9938738346
15.788782835
17.8522620201
17.662364006
16.4622139931
15.8103358746
15.1882240772
14.3901920319
15.8801960945
15.8472530842
14.4602589607
14.1071031094
16.7144858837
16.2175219059
13.1271750927
16.0697588921
14.4436249733
15.5557768345
14.9178478718
19.2586889267
14.5570361614
13.1945099831
14.2956199646
16.2588970661
14.9023351669
14.69759202
16.4588730335
19.3875658512
12.5538210869
14.2221388817
13.9414041042
12.2610321045
14.9495260715
15.1542217731
15.6873590946
16.1194529533
15.8966560364
16.5689539909
16.22347188
15.8926739693
14.8760719299
16.1284620762
15.054101944
16.0521240234
16.3615589142
15.6289930344
14.5386779308
14.5629599094
14.7129259109
14.9271681309
15.3802349567
16.3818070889
14.4921119213
13.0422329903
15.8652889729
14.314852953
18.022480011
14.7494289875
20.5852031708
20.0438349247
19.6667871475
18.9088478088
16.8860440254
14.6155779362
20.4029519558
14.7200050354
14.0988337994
16.0336620808
14.2158119678
14.9253971577
14.5468051434
18.7402350903
14.6407830715
15.176970005
15.4599840641
16.6851639748
18.9893949032
15.4940319061
19.2239909172
15.1742808819
17.4312620163
12.816120863
13.1865961552
19.8684201241
16.5311980247
13.245885849
22.6978981495
17.7752330303
14.5212991238
12.8764648438
21.0926361084
20.3402681351
19.588591814
20.5296139717
15.3249909878
19.2764651775
18.9686551094
19.5878500938
17.5870490074
17.340269804
19.8308899403
15.7558050156
19.7962639332
18.7345998287
15.9489688873
15.6910159588
13.4575390816
16.5315208435
16.8530828953
20.2861130238
17.7477970123
15.0485320091
19.1616139412
19.0469930172
17.7136859894
13.9883599281
14.8903470039
16.7539641857
15.4449110031
21.959223032
15.7293279171
14.8237020969
17.0280408859
16.923858881
15.6110098362
12.7969100475
13.7078390121
21.562335968
14.6053571701
15.441311121
17.4474089146
17.5021600723
17.217539072
22.4975118637
15.5257678032
14.704668045
17.860932827
19.8360280991
17.5089421272
16.9972300529
13.3732049465
17.9747691154
16.7604999542
20.9880287647
14.3456690311
19.5493071079
12.2164139748
17.0191380978
15.2449600697
16.8310859203
14.889043808
22.0578479767
15.3570120335
14.8958330154
17.1338691711
13.5260999203
17.5323879719
16.7114088535
19.065582037
21.0486700535
21.0667519569
20.9368369579
16.3327560425
16.6849930286
19.733632803
17.7505710125
15.6462080479
15.330313921
14.5326681137
16.4070749283
16.4273750782
19.156359911
17.5290820599
15.8515210152
15.5945370197
17.6159980297
19.3960928917
16.340020895
21.4587869644
14.7457849979
21.1720690727
14.9339411259
15.892553091
22.6351249218
16.3280251026
15.751513958
22.4602639675
16.1019701958
16.9897789955
14.3579800129
20.6956000328
20.2458658218
20.7718520164
21.8470768929
16.2073690891
21.1841750145
19.65467906
19.0410561562
15.798648119
19.743981123
15.4060490131
16.2977941036
19.124243021
18.4935200214
13.6468179226
14.3146870136
12.557902813
14.9915990829
18.5276851654
19.0518009663
17.8519439697
16.0375590324
18.0715649128
19.4170000553
16.1880729198
14.7816040516
17.6684749126
17.0004010201
16.0439321995
19.8314740658
13.5811700821
13.859265089
15.6515820026
16.4718101025
21.4642388821
15.070125103
14.419752121
23.050508976
16.295758009
16.8920691013
14.8375639915
18.7911071777
13.5330429077
18.1551020145
15.534927845
16.4023170471
17.087898016
16.8524031639
20.6271798611
15.3086659908
15.7766411304
16.6107330322
16.5180430412
22.2107219696
13.0372350216
17.1396930218
15.825548172
15.1444969177
15.9778938293
18.6901450157
14.0933361053
20.0276989937
16.4537639618
15.2793700695
14.8266379833
14.7544288635
19.9777851105
15.0243501663
18.2684659958
22.3918759823
22.8018040657
21.5012710094
16.4832210541
17.5867919922
21.1894569397
14.0318779945
14.8372089863
14.9364039898
13.8267500401
16.7106499672
15.7523281574
18.4588119984
16.0186619759
14.7733509541
19.1018030643
16.2307989597
17.5037610531
15.5933940411
20.1959528923
12.8243649006
23.078305006
16.1977138519
16.3104729652
20.6746499538
17.9757580757
15.2194499969
21.697094202
17.2044010162
14.5335149765
14.1253168583
22.5745108128
19.0476119518
20.1638400555
20.0461161137
14.1794970036
19.186496973
18.3773839474
19.1311240196
15.4238908291
19.2439651489
20.917347908
17.1543421745
23.8593049049
18.8968319893
15.1251089573
17.3248620033
16.3934400082
15.4516341686
15.4770829678
20.2420420647
15.5708899498
18.8244259357
17.8741099834
19.8058691025
15.9808039665
14.7353079319
13.8561527729
16.9360449314
15.5555520058
19.4807639122
16.1670889854
14.8246150017
15.6570839882
16.1418840885
18.3284819126
14.1479079723
15.6378068924
21.9218170643
13.876511097
16.3332400322
18.629513979
15.6964650154
15.0425648689
18.7804398537
17.6517150402
15.0922238827
15.814209938
18.2332060337
17.3337731361
13.8346121311
16.7302088737
16.3814609051
17.7241120338
19.4772319794
15.0116560459
17.1933181286
12.8117702007
13.4951560497
17.7592899799
16.0814650059
14.0177950859
22.6940619946
16.0650160313
15.6093049049
14.8205280304
14.853605032
14.9291479588
14.1035959721
18.078897953
19.5909810066
22.4917721748
18.7109689713
16.0930390358
17.4026830196
22.3281869888
13.5566110611
15.1643509865
17.1224551201
14.7172739506
16.5558559895
15.8936629295
19.3364810944
15.3102710247
14.5254299641
17.3817520142
13.9019231796
19.7431089878
15.3298690319
19.994549036
14.2118217945
17.4004440308
15.3140258789
15.5260798931
21.7705419064
16.6688559055
14.3517329693
21.9950289726
14.3704872131
14.2889358997
13.995306015
21.7899580002
18.9635529518
18.6787149906
20.0439600945
13.3623600006
19.340720892
20.2089669704
17.3860599995
14.5822608471
17.5268900394
14.1401090622
18.0163900852
19.9516780376
18.3645219803
15.8268640041
15.2824640274
12.8726198673
17.6137208939
15.0689821243
19.7362449169
14.1499438286
16.0961279869
17.2580361366
20.219039917
18.5711219311
14.5994031429
17.8771791458
17.9099698067
15.0916078091
21.5996389389
13.2569720745
14.2121219635
16.0763809681
16.5662708282
18.1983098984
17.9243330956
15.6770980358
25.4904630184
13.1023800373
17.9103248119
15.972440958
16.2731499672
16.2187228203
19.1656310558
15.7662789822
17.6044650078
16.4320287704
18.5643558502
19.3200759888
15.6400499344
13.7603859901
16.2908170223
19.0729830265
20.852093935
14.7084310055
22.8029530048
13.2435557842
14.2283029556
15.5446732044
14.5732600689
13.8797369003
23.2517111301
16.2942979336
21.302396059
17.4075870514
15.6248841286
16.3707101345
19.2376542091
18.2710878849
22.6942420006
20.8245050907
22.0023097992
16.1732580662
17.9114489555
23.561098814
13.7502570152
14.3875668049
17.2374808788
18.9500520229
18.1089890003
15.7931339741
19.2788619995
18.2353129387
16.3366959095
17.2666780949
14.3705220222
17.5936779976
15.4039418697
24.1936678886
14.9877369404
20.1755549908
15.0526180267
15.6889920235
21.7085649967
17.4092462063
17.3012809753
19.7698879242
17.7136418819
16.3236460686
17.1163480282
25.4201209545
21.5684142113
19.7039740086
19.3786780834
14.8994441032
22.8448469639
19.0029480457
21.0051028728
15.8257119656
14.388117075
15.6802988052
18.5559039116
21.0443980694
19.5344829559
15.3504829407
17.1986920834
14.6180608273
16.6282918453
15.1793529987
18.6768610477
15.2929692268
16.9739201069
17.9107248783
21.3187170029
16.0808739662
14.0916609764
16.31772089
18.5341989994
15.947881937
26.6472611427
16.9397990704
15.7377560139
18.2642171383
15.1366288662
18.9430758953
14.686396122
15.0256240368
23.4139947891
12.7662990093
16.5737490654
15.1824469566
12.6912169456
15.2311458588
20.5344572067
16.1811959743
15.7964589596
16.5701329708
19.1256790161
17.8481891155
15.098115921
14.2019999027
19.7855892181
20.2003178596
22.5819468498
16.9077908993
18.8107459545
15.2632470131
14.8363981247
17.4989030361
18.5305690765
14.7847468853
21.6949000359
14.9561579227
17.7530229092
16.2602660656
15.4628858566
19.4839479923
16.0470168591
16.0190811157
20.329556942
21.1346879005
23.5960259438
17.0479359627
19.1547589302
24.2068610191
12.9845900536
15.0147562027
18.1233000755
17.570499897
15.3311510086
17.1919951439
18.9943320751
17.6309781075
13.7170848846
19.8326399326
15.1519629955
19.4019269943
15.3088769913
23.3887889385
14.1155500412
21.103096962
14.1805789471
15.7700259686
25.0256960392
16.453346014
16.3691580296
23.1592857838
17.5066640377
17.7457780838
