Experiment Results
17.8716709614
13.00268507
13.1291689873
12.8758599758
13.2525849342
13.5200941563
13.1521918774
12.7145001888
13.1734399796
14.0534191132
12.7098710537
14.8922638893
12.7596428394
13.2606079578
12.8465330601
13.0655038357
12.7146959305
12.5465829372
13.9683978558
12.6610639095
14.518321991
12.6302399635
12.7228500843
12.9010000229
14.8288531303
12.5862708092
14.2153139114
12.3004629612
13.7409319878
12.8998301029
15.9104781151
12.7148520947
13.0960199833
12.6860058308
13.1806380749
13.0083100796
12.7463788986
13.5243239403
12.7698290348
12.9254200459
13.5303201675
12.6102149487
12.6955270767
13.0736589432
15.0428590775
12.648444891
12.7174780369
12.9479510784
12.3004920483
13.290915966
12.6366140842
13.0996990204
13.1081011295
12.8165049553
14.1457350254
12.6993169785
12.9287688732
13.0980370045
12.6401050091
12.5368909836
14.2783329487
12.384980917
12.4904749393
13.0974030495
12.4158699512
12.3943779469
12.7359991074
12.4245729446
12.9992802143
12.5998709202
14.3259019852
12.7222361565
13.0524568558
12.7483580112
13.3438799381
13.136341095
12.6609809399
12.5268609524
12.6561160088
14.1021840572
12.6364979744
15.2198491096
13.9037208557
13.8525369167
18.2377920151
22.0142669678
17.6731879711
13.503018856
12.7904279232
13.3267920017
14.8104989529
17.892334938
17.5832619667
12.6485710144
12.7275400162
18.5356128216
15.6260221004
14.106345892
17.6033308506
13.0572721958
14.6649460793
14.3886229992
16.7062549591
16.4701609612
14.7324008942
14.0486547947
13.1709680557
15.2328460217
13.7725970745
13.7370779514
15.6117889881
13.7833430767
12.9392709732
13.5826749802
12.7818048
14.7312879562
12.5129320621
14.236577034
13.3596179485
13.0070319176
13.0599582195
19.6099381447
16.5524330139
13.4051609039
14.833468914
12.9249780178
13.1863870621
14.6541478634
17.32670784
14.9508640766
13.4846351147
14.2914459705
12.6335709095
13.2295241356
12.7145588398
12.5211808681
12.8560700417
13.0864050388
12.7581720352
12.5618021488
12.976197958
12.9665529728
13.5689299107
12.4895629883
12.3880338669
12.922522068
12.5921771526
12.8420009613
16.31417799
12.8177127838
12.5451657772
12.8114290237
12.8817019463
15.7947149277
12.8584120274
13.1421968937
12.7553839684
12.4205050468
12.3975510597
16.5144159794
12.6633789539
12.7725188732
12.8775680065
12.9328129292
13.3339548111
18.2366120815
12.997615099
14.1118550301
13.1898210049
15.4406909943
14.7566609383
16.8990328312
13.5386321545
13.3311781883
13.9262959957
18.0598950386
18.8051829338
13.8471710682
14.6456091404
12.9423041344
13.3262281418
14.2890529633
17.3135070801
13.4628458023
12.6103768349
12.9893980026
12.8949239254
17.6632649899
12.6809999943
18.0913999081
13.0825958252
20.8670809269
13.4735720158
13.5790688992
13.1653671265
13.3150129318
16.0111489296
14.0411109924
14.753319025
13.0073778629
13.896198988
15.3050630093
15.4596970081
13.2114348412
14.2432618141
15.6377580166
15.8192501068
15.3405020237
14.4548499584
15.7388389111
13.1468720436
12.9092059135
14.4076859951
12.9854371548
19.4349210262
13.3250820637
14.9341781139
15.7975580692
14.6737060547
14.0406150818
12.885417223
13.4845020771
13.4763939381
16.8269388676
17.9072289467
12.902078867
13.3732638359
18.9298460484
12.3972949982
15.8392221928
14.2517609596
14.8216059208
15.2525961399
13.140324831
12.3779218197
14.0344610214
15.3558599949
13.8176109791
15.5000488758
14.1767919064
18.9890630245
13.850039959
15.4654500484
17.9259188175
16.0655310154
13.8968410492
12.8700749874
13.7476069927
14.6201629639
12.9572710991
13.2210719585
14.3552441597
20.0983328819
28.2642309666
13.9880020618
13.6306698322
22.2855739594
14.2391431332
14.0898718834
12.3989179134
23.9083790779
16.5756499767
19.0137040615
13.3996970654
16.9433660507
15.0791590214
14.3316431046
19.2411010265
14.0404679775
13.4869201183
13.6188120842
13.0886042118
13.3494811058
15.4816291332
18.1785168648
15.0169961452
14.0140030384
14.0803720951
18.3838629723
13.9107539654
13.6394941807
14.7684130669
14.365760088
18.7015900612
14.8042619228
13.2906520367
14.5262181759
17.4792790413
13.4213769436
14.4146630764
17.578879118
14.7842879295
16.7786049843
12.5690140724
13.0358781815
12.7262301445
13.996625185
14.5182168484
13.3250479698
14.4591810703
14.6488819122
17.5755059719
17.2344229221
18.0977900028
13.0621740818
16.3356690407
14.6125040054
12.7559530735
12.8174290657
15.3119800091
13.1849980354
12.6529250145
13.0735859871
12.9656910896
12.871568203
14.3947579861
14.8325381279
15.2190480232
12.9322099686
15.6222698689
17.3262610435
13.3128569126
15.6894772053
14.4365189075
14.6401658058
13.0158600807
13.0909459591
13.3480148315
13.6750359535
13.665651083
14.1400609016
12.3570971489
24.4399540424
13.8670389652
14.8047611713
13.6077368259
16.0898580551
15.4955368042
13.3150727749
14.8605809212
12.9993638992
12.621379137
13.6620690823
18.4476809502
13.3515088558
13.5745151043
17.4489250183
12.8545429707
15.9865739346
14.5253388882
13.0059161186
14.1191790104
12.8992459774
14.0236501694
12.5078399181
13.5291900635
12.8199608326
15.2345740795
12.9162049294
13.0753600597
15.1343238354
15.8981890678
12.6573770046
12.8326780796
12.3194050789
12.2853560448
13.491522789
14.0912377834
12.9916169643
19.4517099857
12.5843729973
12.8562579155
14.0647177696
14.5337309837
15.3605451584
15.908809185
13.1212151051
14.6521420479
14.4646890163
12.9560620785
12.8320500851
13.2486181259
14.012346983
13.8613269329
13.2691709995
17.912719965
14.3374271393
13.1401820183
13.6920199394
13.7264871597
15.98706007
17.1837339401
13.9233429432
12.3978490829
16.1540458202
15.2602388859
13.5156741142
13.7841439247
14.5280508995
13.1473879814
14.9946298599
14.8417711258
17.7296049595
14.1691098213
14.5599570274
13.4005248547
12.8995790482
16.2685220242
13.4401431084
15.8505890369
12.6575222015
13.4326460361
13.2249779701
13.3857858181
12.5532720089
12.9220929146
12.9531471729
13.0342571735
25.1638457775
13.2038359642
14.0819079876
13.2048830986
14.4778180122
13.9184069633
20.1091761589
13.6238610744
13.5765271187
15.123609066
14.2641909122
15.0037529469
13.88610816
13.0209128857
13.7637789249
13.8935308456
14.4672091007
16.8909890652
14.3134069443
14.03439188
14.3968019485
13.4820141792
14.9447519779
13.2271130085
15.091121912
14.4879901409
13.4478061199
14.2506170273
12.8343250751
14.8831598759
12.5078070164
13.842441082
13.4982688427
13.4164609909
14.0024619102
12.2977230549
13.549145937
13.3540611267
14.2882840633
12.5174748898
12.4043149948
12.3969738483
15.3076858521
13.737691164
13.5372378826
13.9986901283
13.8398120403
15.7305240631
14.9584259987
13.03824687
14.1751060486
19.64270401
17.8097369671
12.6592788696
13.2465209961
12.9729659557
13.4065740108
13.4171779156
15.1047530174
14.2287328243
13.6822841167
12.5790119171
12.8406741619
13.1590750217
14.9532108307
12.8512461185
12.629942894
14.8759839535
15.1251819134
14.3677680492
12.5513589382
22.6877560616
13.3767209053
13.6320037842
13.4822041988
14.2582211494
13.9293110371
13.5814900398
13.8978860378
13.5038900375
14.0282540321
16.9494819641
16.4430849552
18.1857299805
16.6695029736
15.4352002144
15.9305510521
16.2410030365
14.9088599682
20.7430341244
13.5659341812
15.126019001
14.3249280453
22.1991341114
14.4017000198
13.5946681499
12.9356191158
14.9051511288
14.8831818104
20.0183269978
12.9814310074
14.9836699963
14.888176918
17.9991760254
12.9157578945
13.6821370125
15.6049509048
13.2700390816
14.2858190536
16.0158171654
15.7296159267
14.6639549732
12.5133631229
21.3214099407
16.1935470104
18.0018761158
15.6837098598
14.2831959724
14.4680988789
13.5335810184
13.7873599529
17.1377258301
18.3187339306
13.1722099781
13.9704649448
17.7168209553
27.2809350491
14.7160828114
14.7896699905
14.1143069267
12.9478859901
13.1953220367
13.8401608467
13.7467639446
15.4689769745
14.4673340321
13.9662480354
15.1472120285
17.5611898899
13.5438420773
16.1473419666
12.842592001
16.4750039577
15.2511401176
14.1426558495
13.6409511566
12.6154110432
13.8179440498
15.2136859894
20.5545070171
16.4060680866
13.52790308
18.642261982
14.700067997
14.3888399601
16.2945308685
14.4525959492
16.1529421806
13.2743220329
14.4092798233
15.0755178928
12.8395359516
15.5232880116
14.2900550365
14.3037388325
14.9627599716
13.4847319126
18.8395857811
15.4091360569
15.9826719761
20.1594519615
15.3437311649
14.7305760384
17.3939919472
13.9491319656
13.6222770214
13.0032579899
14.5664069653
12.5476698875
13.8857460022
13.9225490093
13.0652029514
