Experiment Results
40.5794029236
37.4515120983
37.046779871
38.8695108891
36.6048130989
37.3695471287
37.6438667774
36.8946011066
36.042675972
37.1617360115
37.52526021
34.6192569733
37.8027710915
37.9942958355
35.6149559021
36.9426970482
37.7264959812
35.7569050789
37.2731239796
35.9241309166
36.9664349556
36.2732160091
35.9821720123
38.0849270821
37.1660368443
36.4602370262
37.5760700703
36.9080290794
35.9170198441
37.5836780071
36.4300100803
38.4423298836
35.9428751469
36.623262167
37.7948970795
36.747977972
36.6543610096
37.6182498932
37.1804149151
35.6654570103
37.9090340137
37.3962271214
37.2223591805
36.6788721085
37.0131440163
36.9233360291
36.9506738186
37.9777908325
36.9283850193
37.5310730934
38.5889091492
38.0275228024
38.1646080017
37.3825809956
38.5599999428
37.0944721699
37.9935619831
37.5025699139
36.8296310902
37.1457550526
37.0635302067
36.4242198467
38.6134989262
38.1228039265
39.1057419777
36.4372289181
37.6181750298
38.6793739796
36.8531048298
36.9596931934
37.8921439648
35.0555319786
36.8925919533
38.2365429401
36.8705711365
34.9775550365
36.3799540997
36.4872789383
37.5573129654
36.2667138577
37.0647668839
37.1931169033
37.5020298958
36.2210459709
37.0849368572
37.9529929161
37.0227839947
37.3465950489
36.7757711411
37.1880159378
37.769482851
37.1233069897
38.0863099098
36.3967700005
36.7668731213
37.8812990189
37.1093108654
36.5969769955
37.1787409782
37.4578969479
38.5437021255
36.6415688992
37.4934058189
36.4263632298
37.0849540234
37.1182041168
36.7249629498
37.9021818638
38.7429230213
37.3469769955
37.3771018982
37.8690569401
36.9763641357
37.5681531429
37.0087821484
37.5194959641
37.9800078869
36.0940208435
37.4946830273
38.6295471191
37.0505139828
34.9797649384
37.0763380527
36.9651091099
38.0935459137
37.3155970573
36.2215089798
38.7452099323
37.5140099525
36.967386961
37.893501997
37.0968401432
37.5514490604
36.8136839867
37.0134809017
36.4080989361
36.654914856
37.3652961254
37.3733639717
37.9989490509
36.4431300163
37.2614750862
37.236741066
37.4567070007
37.0058290958
37.7942328453
38.068046093
37.2794468403
37.308177948
37.1930038929
37.4489870071
38.2637438774
37.6595489979
36.5470869541
34.9326992035
36.7663700581
36.5032141209
37.6732029915
38.3833291531
36.773526907
39.0656321049
37.3673701286
37.60389781
37.0296800137
36.905244112
37.0465660095
39.1214590073
38.56437397
37.7321379185
37.2217171192
38.1286001205
38.7959141731
36.3591301441
38.4729449749
36.9643101692
38.1099131107
37.7975180149
38.328466177
37.3320810795
38.0827980042
37.6313779354
37.9228599072
36.7334399223
36.8891470432
37.2594268322
36.8147768974
37.3400859833
37.1707642078
36.3900871277
37.3177280426
36.70799613
37.8716020584
35.3623259068
38.0084540844
37.0286879539
36.3415250778
38.1712200642
35.8717269897
38.2147090435
38.2731881142
36.8209381104
35.1006381512
35.7694649696
34.689841032
35.9998390675
36.7437040806
38.4691748619
35.3904440403
36.0304079056
36.5076720715
38.3262588978
36.0760149956
34.6680841446
36.9448060989
37.0559539795
36.706580162
36.6046710014
37.8024611473
36.8830771446
35.4093859196
36.8951351643
37.908602953
34.6905448437
35.6266438961
36.6290769577
36.9718081951
37.3006000519
37.1718940735
35.2098479271
34.8787150383
36.4050369263
35.1047959328
37.163433075
35.6296257973
37.145761013
35.8787589073
36.1845550537
38.3206820488
36.8051202297
35.1691298485
37.4440128803
36.0653841496
37.2088630199
36.1972529888
36.7088468075
38.0228099823
37.6198971272
37.7440109253
37.0096080303
34.2866799831
36.5053830147
37.7313160896
36.8950819969
39.2654211521
36.75050807
36.747205019
36.3762657642
36.4003210068
36.4607739449
36.8088779449
36.8353490829
37.5771598816
36.1518449783
38.194642067
37.114169836
37.5054118633
36.094575882
37.2974128723
37.7528018951
38.1188149452
37.6409468651
37.0024631023
34.7741351128
38.2928829193
37.5706629753
37.5685172081
38.2390489578
37.5987241268
36.8411018848
35.8170180321
34.9814808369
36.783645153
35.0554778576
37.494412899
36.6125588417
38.0417048931
36.7527179718
37.1944229603
37.062582016
36.8513798714
38.2085311413
36.992636919
35.8936059475
37.3717980385
37.0967490673
37.6806790829
37.0201940536
34.7270290852
37.1684000492
37.980093956
37.6699671745
38.5144209862
34.1774759293
37.538007021
36.6668350697
37.7579159737
36.3071060181
37.2331299782
38.2494769096
37.5620539188
36.2200138569
38.1685669422
38.374546051
36.9851028919
37.5821919441
37.3770840168
38.3044610023
36.5482170582
36.9833881855
37.3846828938
37.9507658482
36.9624621868
37.7242209911
37.1591181755
37.3236069679
37.0395700932
36.7068300247
36.5922911167
38.5950279236
36.0377039909
37.8157978058
37.4410021305
37.6050598621
38.1201388836
38.3945319653
37.9282131195
37.9742569923
37.8369231224
37.9773850441
37.953565836
38.665263176
37.1461598873
37.1698179245
37.1690540314
36.7101728916
38.6304159164
36.802355051
37.5801661015
36.5897049904
37.5412919521
37.9808261395
37.0666210651
38.935323
37.3262009621
37.6851789951
37.1434791088
35.7401218414
36.0904450417
37.7675681114
38.7835328579
38.0032219887
37.1120650768
36.7272450924
38.4542901516
34.7437140942
37.5327079296
36.6524879932
35.4382410049
37.3463368416
37.3165938854
36.6381509304
36.1383240223
37.4602332115
38.2698907852
37.4306111336
36.8651399612
38.5994279385
37.2252869606
38.6658170223
37.3210589886
36.9276390076
38.9197199345
36.8774409294
37.6304759979
37.7974481583
36.6720211506
38.9430410862
36.9805619717
38.0428988934
36.7017731667
39.0291969776
38.2013821602
37.1232008934
37.8477180004
37.0019409657
36.2824008465
39.9505980015
38.6456010342
37.9069368839
36.7325389385
38.5949189663
36.6578071117
38.1933779716
37.136485815
36.1489028931
38.3123240471
36.6648380756
38.2117311954
36.5055348873
38.312171936
36.4134011269
36.8052699566
37.5904078484
37.9438569546
36.5240559578
38.2923018932
37.5481779575
37.2472639084
36.5809569359
37.7921099663
37.336676836
38.0997030735
36.9800610542
37.7507829666
35.9875478745
36.9595549107
37.5597879887
37.8841240406
36.0217831135
38.3989520073
36.7119898796
37.2826640606
38.0251841545
37.8890500069
37.4588739872
37.2477269173
37.7341179848
35.7396090031
38.3572969437
37.1438419819
37.9782371521
36.5201501846
37.6953270435
39.266397953
36.4503109455
37.0501379967
36.6252019405
38.013559103
36.7453420162
38.3950600624
36.275249958
36.817759037
37.2452859879
37.9280149937
37.2130420208
37.4997489452
37.0187418461
36.7834260464
37.5113461018
36.4253389835
37.4236650467
36.9395840168
37.3627378941
36.6483650208
37.6041500568
35.8566458225
37.9781000614
37.0723979473
37.0750689507
37.2854177952
37.2464189529
37.5921049118
37.5021648407
37.5321331024
37.2158279419
36.9933888912
36.5830869675
37.1035130024
37.0843780041
35.6733000278
35.6803190708
34.7846689224
36.2628490925
36.2059779167
36.5346829891
35.6672360897
35.9380888939
35.5314240456
37.5300710201
37.368710041
38.1809749603
36.5556519032
35.0203640461
36.7231421471
35.7475042343
36.0244240761
38.4809279442
37.3724889755
37.6659209728
36.9438421726
37.1538898945
35.5450179577
36.6297600269
36.652515173
38.1277160645
37.0164649487
38.8926980495
37.2862551212
35.896697998
35.4861130714
35.9174518585
36.9217379093
36.9016840458
36.4122169018
37.4108450413
36.6649258137
36.258245945
35.1583859921
36.0421440601
38.4032859802
37.1819159985
39.2569642067
38.2357809544
36.7754919529
37.2406458855
37.5521860123
37.6444048882
36.982640028
34.7791440487
37.7674150467
36.2606239319
37.9888911247
37.5840139389
37.7879710197
38.0308721066
38.0113539696
35.3253090382
39.2146890163
37.8241450787
35.976236105
37.05042696
37.7020950317
37.1392769814
36.8315610886
36.7033679485
37.5598390102
36.89772892
36.8102478981
36.151268959
36.1813471317
36.1384150982
38.4618918896
38.0610928535
37.4435560703
36.9389431477
36.8702301979
37.8362388611
35.5424568653
37.739631176
37.3043680191
35.1449389458
36.0084722042
37.1768019199
38.1821320057
36.9767739773
38.2626700401
37.1138920784
37.2218160629
35.1462659836
35.6624150276
35.6649749279
36.7957971096
36.7724499702
35.9585440159
37.0640640259
38.1661419868
36.9750869274
36.2930459976
37.5404908657
36.9912750721
37.8393659592
36.9892320633
36.0621550083
39.5963079929
37.6289970875
37.1089258194
36.120098114
37.6843719482
38.1074690819
36.8476178646
36.6243238449
36.5021460056
36.1320490837
36.8497159481
37.6753299236
37.269701004
38.1852831841
37.2554349899
36.8661000729
36.126636982
