Experiment Results
5.796738225966692
7.363278370350599
7.652020037174225
5.9732626881450415
6.580649308860302
5.178698278963566
5.680644877254963
5.986735874786973
5.693273210898042
5.788423957303166
5.37500218115747
10.5828942861408
6.383693538606167
7.2596541699022055
5.405554240569472
5.516275564208627
9.054403172805905
8.290896445512772
5.685766465961933
8.090762507170439
7.602837461978197
5.55475265905261
5.705884370952845
6.381880154833198
6.389764379709959
6.0794733464717865
7.490211024880409
5.796541096642613
5.976333564147353
5.702507127076387
6.170963764190674
5.288914320990443
5.890078058466315
8.184639070183039
7.58675255253911
7.19475257769227
5.8897882755845785
5.69674594886601
6.689209621399641
5.599554428830743
5.774334527552128
7.787705643102527
7.300315843895078
6.499159928411245
8.398373236879706
5.669381434097886
6.491694873198867
6.099541073665023
5.685612201690674
5.206158250570297
6.870913494378328
7.492502849549055
5.891967410221696
6.3733388260006905
6.115146225318313
4.986984962597489
6.418683685362339
5.583399575203657
6.073549639433622
5.877900682389736
5.828997787088156
5.469118127599359
5.4157763216644526
5.075672371312976
9.082127602770925
5.298131601884961
5.694389494135976
5.8853415455669165
5.509141553193331
5.977466713637114
6.898307463154197
5.482894774526358
5.600831663236022
5.427531519904733
7.258437195792794
5.693114327266812
7.1016462706029415
5.88514843210578
5.616440579295158
5.666866477578878
4.98900093883276
5.994949935004115
5.801293408498168
7.392781084403396
6.282870095223188
5.677818614989519
4.81074732914567
5.293010404333472
5.195948487147689
5.889643881469965
5.194125277921557
6.888826224952936
5.5922665018588305
5.293199777603149
5.798168979585171
7.421764317899942
6.077271519228816
6.084840673953295
7.387768028303981
6.295897932723165
9.160661531612277
7.168454632163048
10.255407866090536
6.596497090533376
8.298573311418295
7.322036687284708
10.227699842303991
7.357566328719258
6.578588925302029
10.286302577704191
9.679749075323343
8.587820203974843
9.685219798237085
5.986635634675622
6.903145983815193
6.263376811519265
6.378192080184817
9.092615073546767
6.387852270156145
7.198584608733654
8.695426700636744
5.577020093798637
8.579294981434941
12.100306048989296
8.572390140965581
5.886370422318578
6.392613019794226
6.889118293300271
7.788188759237528
10.076010094955564
8.088611794635653
7.509829306975007
7.662793669849634
8.117857124656439
8.259494988247752
5.921544840559363
8.660096757113934
10.718928508460522
6.0543706472963095
8.09483048133552
10.911343038082123
7.357429193332791
5.919134423136711
5.474351609125733
10.890769984573126
9.68989566154778
5.782388456165791
6.595056027173996
6.684691444039345
5.990576304495335
6.9108465276658535
6.374506909400225
6.285170268267393
6.301376547664404
5.618644753471017
8.653557866811752
6.9163700714707375
5.988660821691155
6.098500616848469
8.272042674943805
7.798613188788295
10.18048207834363
6.089043749496341
6.190331062301993
6.093498215079308
5.889836249873042
7.105808207765222
6.325297007337213
7.757512087002397
6.391729986295104
5.683841565623879
5.993278073146939
4.397118320688605
4.8885014411062
6.595536146312952
6.9883584510535
5.0998633578419685
10.789437279105186
6.287676397711039
5.295583242550492
7.6748839393258095
9.733704403042793
8.372528677806258
5.495583336800337
5.679478034377098
5.797776009887457
5.29150777310133
7.801780244335532
5.79035278595984
5.288298886269331
5.210469068959355
5.471439750865102
5.905210543423891
5.8167022075504065
6.55812663026154
5.825777029618621
8.674531223252416
5.682105949148536
6.700535219162703
5.482325326651335
7.364526202902198
6.172638949006796
6.141724130138755
6.19195313565433
7.979925185441971
5.37827287055552
13.380572263151407
7.77831863053143
10.78662041388452
7.179819384589791
9.182472977787256
7.385975297540426
6.497845508158207
6.5749070309102535
7.082042280584574
6.090405963361263
5.493410747498274
6.583491776138544
8.490317285060883
8.274017754942179
6.292253687977791
9.289458146318793
14.277136808261275
7.323913861066103
6.153768351301551
5.3835560623556376
6.7861063331365585
6.173288930207491
7.039154240861535
7.282583801075816
8.365404898300767
6.279540153220296
5.589947307482362
5.584344055503607
6.69367690756917
7.095255048945546
9.386666152626276
8.785411583259702
7.188539119437337
9.102937811985612
5.67751819640398
5.90170138515532
6.002176513895392
7.6826961394399405
8.985819708555937
6.307277370244265
5.564603339880705
8.38861058279872
6.317010346800089
8.26799733005464
5.695683998987079
5.785080393776298
5.493702275678515
7.020537279546261
5.970088455826044
5.810928171500564
7.563571145758033
5.701309172436595
5.70594821497798
5.973903562873602
6.298473352566361
6.516844302415848
7.059712611138821
5.591629909351468
6.093219133093953
7.493388682603836
8.705932958051562
5.79331742040813
5.487984007224441
5.883320154622197
5.6923803221434355
5.5935895796865225
5.196561735123396
5.791976964101195
6.290316451340914
8.496979480609298
7.796585164964199
6.116845717653632
5.264195486903191
6.791644362732768
6.890882659703493
6.793699182569981
6.995626699179411
6.188013078644872
7.405092932283878
7.583790039643645
7.499556515365839
5.889085939154029
6.287900796160102
6.323234252631664
6.573804771527648
6.784857615828514
6.893491180613637
7.625092703849077
6.360241305083036
6.493086921051145
5.713078562170267
6.97762749157846
6.791927624493837
5.984028037637472
8.574129827320576
9.668843610212207
5.650034431368113
5.57455343939364
7.183738002553582
5.37589668110013
8.37897776439786
9.294187691062689
7.27103466540575
10.584646804258227
7.935775067657232
8.956661662086844
7.080590724945068
9.786073416471481
7.17339152097702
8.995221339166164
10.562051068991423
6.791727447882295
5.644716953858733
11.768177820369601
10.022926116362214
8.308055143803358
9.563979359343648
9.583558574318886
6.895032539963722
5.5954068545252085
6.99228148162365
7.392592515796423
6.864688849076629
7.606108905747533
10.28565763682127
5.679830841720104
6.18394361436367
5.998417306691408
9.986940383911133
7.660895437002182
6.613331891596317
9.871113743633032
11.2067029196769
8.087254075333476
6.717195553705096
5.460242493078113
6.220166830345988
7.163598572835326
8.587893901392817
6.191393187269568
8.895287910476327
7.36513270996511
5.8144287671893835
5.884962318465114
6.196632137522101
5.983000110834837
8.993018325418234
5.897180560976267
5.885401798412204
6.409474525600672
5.277190040796995
6.1021426767110825
5.708821116015315
4.958655476570129
5.695570746436715
7.897238610312343
7.535096440464258
6.267085570842028
5.668983858078718
5.7954569812864065
7.692507183179259
5.392107088118792
5.796698499470949
7.59737922437489
7.908053150400519
6.069420695304871
5.790742050856352
5.311903344467282
7.2722496055066586
7.092429807409644
5.691978577524424
6.890900410711765
5.316048668697476
5.968585653230548
7.794871583580971
6.094688668847084
5.994433965533972
6.889185797423124
6.115820022299886
8.46977136656642
5.806264519691467
7.691123653203249
7.5828113704919815
7.903565047308803
5.980394059792161
9.106101976707578
6.64631980098784
5.323294943198562
6.205823119729757
6.388518689200282
6.288389841094613
8.797654023393989
6.391476733610034
5.995700614526868
8.265956550836563
6.152997190132737
8.273252980783582
6.2782212272286415
6.70030347071588
9.256273979321122
9.66974751651287
7.491978395730257
6.109766623005271
5.651586877182126
5.7795099429786205
8.086427677422762
8.082360539585352
7.184964215382934
7.684115830808878
5.886149974539876
6.994146279990673
8.488171372562647
6.203445354476571
5.3609507493674755
5.791006250306964
6.87852686829865
5.888514719903469
5.486139994114637
8.63366330973804
5.831799428910017
6.091142004355788
5.688936633989215
7.69353505037725
6.8000801503658295
5.7674472108483315
7.28925965167582
5.885312736034393
4.991731813177466
9.392328491434455
6.181928003206849
8.412146024405956
5.377320559695363
6.985523218289018
6.70890898630023
6.467480389401317
6.689543146640062
6.331394292414188
7.264959521591663
8.774511214345694
5.708597417920828
8.480158986523747
9.18293140269816
5.19309345073998
7.7951834462583065
6.40916933119297
5.0662192814052105
5.791668931022286
5.99452069401741
5.92416694201529
9.560927459970117
6.389714607968926
6.615339016541839
6.4719675444066525
5.5878027100116014
10.087937319651246
6.694643028080463
5.694232031702995
5.294776301831007
8.787529470399022
6.845105540007353
8.356751270592213
7.177201773971319
7.40313633531332
9.080039689317346
5.806748917326331
6.281585432589054
9.52887069247663
5.5189700070768595
5.732248431071639
6.692433539777994
12.096151622012258
5.402014065533876
5.578738061711192
5.289930105209351
6.820007352158427
6.864419175311923
5.900033358484507
7.487127834931016
5.796810572966933
8.401186844334006
5.783464424312115
5.926125658676028
5.166092846542597
10.691935282200575
6.62472527846694
7.954096183180809
8.501291187480092
5.5894608702510595
7.293129321187735
7.690346440300345
11.495094209909439
9.197297148406506
8.412066677585244
6.6810515355318785
8.045248169451952
6.783482478931546
8.080880235880613
6.345913151279092
7.07780303992331
7.476105991750956
5.996218109503388
6.575110288336873
6.694370439276099
6.5647076908499
6.88234830647707
6.096423003822565
9.37635788694024
7.484406465664506
10.792187120765448
8.378477172926068
6.141528349369764
6.125325500965118
5.9962509255856276
8.678844671696424
11.003109106794
8.173944605514407
9.08738123998046
6.98592409864068
7.101982068270445
10.372584778815508
5.693723952397704
5.188754063099623
5.575755290687084
7.49757975153625
6.687891287729144
4.988240545615554
5.380384370684624
7.582536717876792
7.696303956210613
6.4903263207525015
5.687388880178332
6.188578700646758
7.398530323058367
6.28398454003036
7.545320484787226
7.751632725819945
6.767420906573534
9.488590871915221
8.849657412618399
8.33611049130559
7.988751087337732
8.190620901063085
5.307292090728879
6.183557828888297
6.899397315457463
6.673172097653151
5.888806810602546
5.215546192601323
5.767205307260156
5.497007908299565
5.892534906044602
9.588643208146095
7.592610280960798
5.9931714572012424
8.293440654873848
6.398324558511376
6.686094393953681
9.286398949101567
6.588739562779665
7.393870124593377
5.7948267962783575
6.697447441518307
7.097083827480674
6.887969300150871
5.5982420444488525
6.188556017354131
5.508021952584386
5.868852190673351
5.29707951284945
5.49093703366816
5.393737394362688
5.3911173325032
5.395876627415419
5.69056755118072
5.892864923924208
5.613978635519743
5.47151617705822
6.209624644368887
7.271429492160678
6.09570475295186
5.393325725570321
6.88916714861989
7.001089528203011
7.109201822429895
6.467880990356207
6.557930590584874
6.239469725638628
5.788922730833292
6.4003968592733145
6.8823567647486925
11.19488556869328
13.098860314115882
10.7890113145113
5.591453965753317
