Experiment Results
48.0287029743
47.9878160954
48.2172498703
47.2498281002
47.0153560638
48.7886948586
47.1901698112
47.3983099461
48.2689449787
47.4910991192
48.1687910557
48.4664180279
47.7706580162
46.2679400444
48.2658650875
47.4964120388
45.4992461205
47.6705839634
47.4543299675
47.4912190437
47.3826889992
47.183079958
46.8600699902
46.0658171177
47.6457619667
47.9858829975
46.5764861107
48.990208149
47.1368069649
45.64980793
47.6194939613
47.433909893
47.9550549984
48.4534161091
47.6462509632
48.4550180435
47.6816761494
48.2547018528
45.6091880798
48.3043830395
48.1980950832
46.214425087
47.8519489765
46.6033689976
48.4466629028
46.1285610199
46.7144329548
46.7694530487
46.0511670113
47.0595068932
46.5670039654
48.4514551163
46.7664511204
47.8816039562
46.241050005
47.7535331249
47.6973919868
47.7875869274
47.0873868465
47.2455298901
47.2856431007
47.5345439911
47.1377630234
46.0911769867
47.8913528919
47.6019718647
48.1796531677
47.9735660553
47.4614329338
48.1830210686
47.1823449135
47.948363781
47.3705379963
47.362388134
47.8371200562
47.5128309727
47.7110168934
47.3249390125
47.4120209217
48.2211248875
47.4842071533
48.7640490532
47.6054480076
47.3680920601
47.2496130466
47.3922040462
48.061262846
47.1662271023
47.4911050797
47.289580822
48.3588368893
48.0160620213
47.3533120155
49.2777860165
47.8757119179
47.0447499752
47.6597831249
47.9930739403
48.2098870277
47.5740408897
47.6063499451
47.3951280117
48.4369449615
47.5489411354
47.0481729507
47.3297011852
46.6508741379
47.3552539349
47.2949531078
47.4498519897
47.8400020599
46.8961470127
47.8939640522
47.5886569023
47.4155349731
47.2272129059
47.3974750042
47.2037670612
46.9355049133
47.8402380943
48.041011095
46.904501915
47.2349059582
48.0890569687
46.9203500748
48.0889520645
48.1557919979
47.8057210445
47.3813650608
47.9599151611
48.0431041718
48.2002470493
47.4751958847
47.4318959713
47.3896520138
47.8980021477
48.266605854
47.663164854
47.783976078
47.463807106
46.3443768024
47.5003249645
47.6068868637
47.9130079746
47.9279079437
47.4704010487
47.774285078
46.1411910057
47.3542098999
47.8403179646
46.8534181118
47.0769600868
47.8819730282
46.9074220657
47.7030060291
47.5974879265
47.7866659164
46.6644749641
45.6851351261
47.0562238693
47.795968771
47.6827189922
46.6912329197
47.4149479866
47.9165771008
48.6703770161
47.7755010128
47.8636260033
48.1665630341
47.3829689026
48.1793968678
47.9682760239
47.4939110279
48.0829589367
46.4537689686
45.7547879219
47.0923960209
46.2909498215
46.8404939175
46.9086821079
47.9013049603
45.4885389805
46.0165698528
47.5853688717
47.7377941608
47.6163139343
47.7638049126
48.0259170532
46.7448320389
47.2944087982
48.0773530006
47.287003994
46.6457841396
46.1211721897
47.2776529789
47.5468089581
48.0050559044
47.2531511784
48.2620539665
47.9331228733
48.6699399948
48.163713932
46.5649938583
48.7807371616
48.4955370426
47.8329360485
47.5444610119
48.2979381084
47.5587570667
46.9386129379
47.2073309422
47.6255238056
47.8584930897
47.1114060879
47.3481581211
47.8186659813
48.030673027
48.4496691227
47.629638195
48.0734448433
47.9570360184
47.3416230679
47.5092921257
47.7671849728
47.762750864
47.8573088646
48.3655400276
48.4858751297
47.9786179066
47.6342458725
47.5948648453
46.5937919617
48.048281908
48.6072628498
48.6396150589
47.5447120667
48.5521221161
47.2212588787
47.3690400124
47.3838369846
46.957531929
47.8714370728
48.1332840919
45.8310780525
48.8104109764
48.048459053
47.4953169823
47.1167118549
47.9639680386
47.9431231022
47.5304141045
47.8133049011
47.9607141018
47.8188438416
46.8789408207
48.2654349804
47.9146528244
47.0862689018
48.0796251297
47.9922919273
47.2792389393
49.034981966
47.9998509884
47.1390419006
48.2771759033
47.1583840847
46.9904770851
47.3371338844
47.5735192299
47.5147399902
47.1365950108
47.4361538887
47.4492270947
47.8235311508
48.2980759144
46.5531251431
48.5625429153
47.1856279373
48.0609178543
47.5035510063
47.2546489239
47.9996538162
47.6461899281
47.7673370838
48.7771599293
48.1420190334
48.0179340839
47.6450781822
47.5002501011
47.9614620209
47.8280661106
47.6689939499
47.848870039
47.6693379879
48.4588160515
48.1975040436
48.1667408943
47.8064138889
47.9481050968
47.8055689335
48.0370001793
48.2774908543
47.068351984
47.902504921
47.5775961876
46.7484469414
47.9891498089
47.3615710735
47.3116910458
46.8715529442
47.6793270111
48.2082531452
46.8932650089
47.252589941
46.8340089321
47.1385388374
47.2421500683
47.7305030823
47.1510870457
47.4752829075
47.2721819878
47.0504698753
47.5153491497
47.9691019058
47.648471117
47.796364069
48.2024490833
48.3650891781
47.6297168732
48.1253681183
46.6096878052
48.3844900131
47.3483259678
48.2692949772
48.4883389473
46.8565750122
47.7386479378
48.2291100025
47.003401041
47.3027100563
47.3458888531
48.6163439751
48.1270780563
47.7620010376
48.0709869862
47.8295171261
48.5201199055
46.9774961472
48.9188671112
46.9050359726
47.5782029629
48.171998024
48.2562251091
48.8018329144
48.566617012
47.2732977867
47.1506688595
47.7454810143
47.4855921268
47.3158569336
47.8005139828
48.3763608932
47.8532950878
48.2784729004
47.3407008648
48.4797048569
48.3042230606
47.9762339592
48.8603308201
47.3714227676
48.1649668217
47.2602181435
47.8047399521
47.830270052
48.388477087
47.5823810101
47.3175759315
46.8113269806
46.4332752228
47.6839148998
48.020596981
47.7325680256
47.877502203
46.865429163
47.6010110378
48.0489280224
46.5957660675
47.5359089375
47.8985998631
48.0280611515
47.4928882122
47.8490419388
46.8816390038
47.6997420788
46.0266940594
47.5661540031
48.4429521561
48.3762960434
48.0446529388
47.7835669518
48.3376870155
46.1351089478
47.915749073
47.513297081
48.3766899109
45.9834399223
48.1551570892
47.1931619644
47.778938055
47.3442130089
47.5767219067
47.9968850613
48.7478909492
48.0040478706
47.8118238449
46.4715850353
49.926651001
48.145111084
47.1498091221
48.5921168327
47.9438509941
47.3521530628
47.2208111286
48.7098309994
47.5899047852
48.8766829967
48.581633091
48.2338681221
48.6042380333
48.1998069286
47.4735641479
45.7351419926
47.5666649342
46.5374779701
48.1733798981
47.2559170723
47.7798759937
46.8792510033
48.0161340237
47.2981040478
47.1303579807
48.0707268715
46.9546151161
49.0153560638
46.9686739445
48.201346159
47.7434411049
48.2108409405
48.5475039482
47.2606880665
47.4205989838
47.704076767
48.4060399532
46.6142799854
48.196586132
47.9944419861
47.9391260147
47.1996998787
48.4242601395
47.6635019779
47.880947113
48.0864207745
47.5274820328
47.5758960247
48.0683169365
48.4081459045
48.8740620613
48.2365071774
48.3013031483
47.8000249863
47.6193380356
48.1122920513
47.2915449142
47.7130010128
47.7895460129
48.8521270752
47.4432270527
46.5301160812
48.1800961494
48.7199559212
49.0663981438
48.1275339127
48.252368927
46.5532898903
46.9698410034
48.0784089565
46.8057599068
48.0018339157
48.6078619957
47.8650341034
48.296459198
48.251636982
48.5873332024
48.5647859573
47.0678050518
47.3888881207
48.3646719456
48.271435976
48.8124611378
48.263324976
48.0164129734
47.6964318752
48.3849081993
48.1492960453
47.005466938
47.3167951107
48.3498511314
48.7307550907
48.4984350204
48.6816568375
47.8345201015
48.5410339832
47.7541298866
47.9808161259
48.2952959538
48.9305241108
48.4768462181
48.3548219204
47.7025561333
49.1648430824
48.3732430935
47.6731760502
47.9618461132
47.5909919739
47.8643660545
47.7420470715
49.1888148785
47.9420828819
48.1533780098
48.2857980728
47.2998979092
47.7825081348
47.1365809441
48.3784918785
48.0111379623
48.1350917816
47.7457590103
47.3922820091
47.761038065
47.963283062
48.4813818932
47.8519859314
48.2608261108
47.4891681671
48.19226408
47.8895769119
47.9278719425
48.6102221012
47.3786239624
48.2016870975
47.267261982
46.7721800804
47.1820650101
48.4263010025
48.2154839039
47.9832649231
48.4155919552
48.7062151432
47.5645890236
47.6301691532
48.1589441299
47.2869260311
47.680232048
47.8454809189
47.9274280071
49.373652935
48.6251730919
47.8271989822
48.4954180717
48.0100531578
47.3783071041
48.1509189606
48.9716191292
48.7302541733
47.9943089485
47.6372318268
48.4687759876
48.5857818127
47.9752049446
47.0883049965
47.9722540379
48.7887001038
47.9826581478
48.6429848671
47.5869109631
48.3533580303
48.6604030132
47.8620789051
48.2304389477
48.1307780743
47.7667329311
47.0981900692
47.9618580341
48.1847760677
46.8263912201
47.9895758629
47.6761779785
48.7811799049
47.4471018314
48.794328928
