Experiment Results
207.170680046
301.357625008
300.525333166
300.573765039
301.644141912
203.718710899
279.135710001
285.363588095
301.498315811
229.59600687
226.167448997
226.394346952
225.499818802
300.314290047
281.782760143
225.792984962
225.151293993
203.913064003
218.991920948
218.700778008
267.839949131
225.45430994
225.405725956
240.886636019
275.096102953
226.310133934
200.797250032
204.589822054
225.726071119
225.892654896
301.611839056
203.625699997
203.914241076
225.309309006
227.311655045
226.212317944
210.720421076
210.70706296
303.296477079
200.389306068
226.52885294
226.392932892
201.077907085
207.039277077
233.192073822
225.900985003
203.912421942
226.029207945
262.929986
251.910172939
228.810703993
206.866050959
228.394644976
244.165709972
281.514777899
228.890647888
244.890540123
183.159854174
206.21104002
207.381424904
228.384562969
206.739480972
303.521742821
227.839166164
228.276058912
234.743961096
205.592144966
228.386388063
204.910952091
231.559797049
301.767283916
301.786991835
302.640722036
246.264480829
228.090915918
302.132513046
204.456722021
208.090784788
227.915785074
211.396220922
226.867192984
225.620185137
269.610010147
225.756487846
204.571582079
225.887210846
228.424226046
265.431349039
226.915616035
289.501914024
204.201462984
264.296291828
203.954550028
203.91061902
302.858514071
225.601672173
200.71571207
295.443083048
257.549450159
225.669131994
203.956468821
300.90696907
301.531269073
303.206008911
304.510907173
205.372473001
280.644666195
287.567927122
302.371356964
230.101021051
227.979467869
226.010662079
226.980446815
303.523205996
283.493613005
225.189617157
225.964124918
203.389233828
221.225228071
221.788455009
271.785871029
229.708779097
230.993569851
243.871150017
278.11251092
229.195614815
203.174977064
207.409450054
230.818613052
233.711786985
306.918071985
207.234992981
206.969825029
229.495875835
230.231678009
228.971474171
214.585628986
206.388713837
303.936676979
202.247702837
229.893975973
227.58522892
201.002355814
208.628831148
235.258427858
228.78678894
204.696048021
227.097090006
262.590204954
249.600127935
228.509828091
205.186188936
228.209772825
244.391180992
281.373965025
227.206048965
241.988294125
178.668855906
205.424469948
204.387104034
226.682252169
203.968409061
300.766921043
226.468796015
226.786701918
233.797177076
205.981893063
225.895841122
204.101233959
230.48507905
303.647686005
302.889466047
301.299508095
244.551515102
225.979942083
303.150321007
203.575765848
207.749747992
229.305699825
210.795865059
226.206233978
228.587837934
268.429664135
226.146249056
206.333256006
226.760360956
228.209590912
265.38506794
226.787328959
289.55556798
203.93035984
263.619345903
204.475087166
204.631259918
307.230718136
229.142141104
204.388295174
298.518970013
259.179553032
229.504587889
207.474739075
304.928695202
306.787539005
308.268872976
306.01581192
207.052988052
282.15912509
289.942816019
304.700253963
232.175343037
229.594163895
228.094560862
228.791368961
303.54875493
284.678588152
228.438405991
227.609851122
204.604095936
221.77613616
220.30131197
270.39756012
228.386336088
227.914288998
242.28973794
276.669646025
226.791569948
201.575331926
203.930706978
228.392173052
227.382277966
303.028131962
204.399544001
205.352180958
225.998197079
225.788385868
226.09372592
211.494290113
203.777631998
302.750118017
200.354511023
227.306432009
226.202104092
201.354552984
208.399408102
234.687794924
226.832276106
203.421432972
225.681640148
261.527740002
248.589776039
225.96863389
204.589771986
226.880873203
243.51334691
282.050853968
227.347966909
241.985620022
178.839908838
205.858389139
206.962189198
226.117533922
204.881095886
302.735082865
227.243779182
226.806080103
234.064850807
209.22934413
230.396696806
206.686206102
234.096615076
308.330554008
306.402558088
304.570936918
248.27628684
230.823879004
306.607717991
207.25666213
210.649687052
230.723350048
214.69580102
228.679821968
228.634613991
269.490551949
228.759803057
208.496196032
227.798506975
228.214236021
268.177582026
227.79123807
288.207604885
205.692952156
265.174681902
205.080541849
204.806554079
303.548039913
228.158354998
200.115419865
296.354887009
256.814208984
227.172444105
204.281692028
301.625896215
303.57585907
302.590843201
302.092138052
204.268688917
280.734052896
287.669975042
302.504397154
230.163213015
226.282177925
226.828397036
227.163483143
303.564949036
283.053666115
227.447032928
227.226896048
204.173399925
221.498262882
219.199425936
267.860557079
226.615442038
227.51581502
244.79916501
276.488780022
226.978792906
200.296231985
203.596678972
227.587353945
228.008188963
306.755881071
205.716316938
204.296500921
227.722417831
226.076925993
225.890011072
211.988840103
203.901945829
304.546916962
203.322258949
230.037184954
231.498383999
204.64846921
211.508024931
236.100980997
229.291269064
206.069299936
230.339992046
264.985504866
254.088606119
229.299896002
208.182929039
233.195609093
245.098191023
282.827533007
228.638945103
242.906946898
179.865583897
208.118880987
205.992010832
231.077358007
209.109039068
304.954046011
228.753840208
228.51726079
235.75497508
205.590618134
228.096913099
204.704050064
233.896555901
305.22694397
304.688754797
303.496776104
245.169486046
226.964681149
303.057715893
204.593462944
207.737912178
228.604658127
211.871626854
225.714237928
226.399245024
267.89658308
226.364592791
204.814549923
226.217351913
227.872596025
265.193207026
227.819246054
286.692254066
205.27064395
264.012923956
204.375215054
204.702445984
303.258548021
227.223347902
200.494018078
295.909043074
256.190006018
227.479450226
207.054473877
302.968801975
302.740225077
302.194366932
304.284358978
205.672586918
281.517431974
287.361011028
303.055320978
230.171224833
229.280879974
226.316179991
226.717240095
302.121212959
286.171627045
229.261682034
229.600221872
206.769083977
222.701423168
222.91237092
271.503452063
229.066138029
229.990846157
243.487867117
278.891449213
230.891959906
203.380491972
208.375164986
230.725255966
230.683494091
304.150593996
205.97645998
208.872821808
227.716711998
227.589272976
231.991955996
212.68521595
205.783601046
302.480638981
200.699090004
227.510159969
228.401801109
201.937126875
209.700008869
236.638725996
228.463809967
206.6172328
228.040595055
262.920351982
250.473737955
226.79263711
204.197104931
227.875070095
241.895042896
279.723257065
226.645948172
240.915764093
178.655236959
207.230286121
204.058346987
228.930275917
203.673835993
302.342262983
226.468834877
225.472724915
234.501557112
204.182268143
226.992405891
205.18940115
230.384028912
301.976241112
303.272019863
302.57723093
244.66395402
226.76610589
303.415067911
206.00951314
209.1307199
230.666637182
212.100389004
230.341453075
227.245645046
270.417072058
226.775985003
205.808604956
227.283164024
227.077455044
265.186980009
226.905954123
292.994961977
207.570707083
267.818845034
207.713421106
209.902828932
306.957793951
231.034521103
203.617413998
299.741979837
259.574430943
230.047233105
209.684360027
308.727400064
305.099879026
305.871614933
306.185301065
206.531893015
283.11263895
288.258177042
306.082468987
231.858585835
228.018591881
232.095056057
229.507982969
306.791428089
283.863978863
228.88738513
230.93633604
206.856585026
222.119503021
219.987731934
269.378427029
228.706605911
226.096720219
241.248105049
276.42901516
227.263797045
200.235233068
204.54501915
226.993505001
228.074774027
306.458592892
203.843822956
206.301697969
228.026456118
226.470293045
228.332530022
215.339278936
204.094794989
307.448423862
199.728420019
226.313227892
228.49831295
202.496206045
206.701760054
236.157890081
228.007929087
206.630511999
227.872075081
262.798132896
250.929460049
227.343442202
205.874103785
231.38587594
251.43641305
282.277508974
226.430799007
244.268981934
182.871560097
209.370397091
205.074930906
227.423233032
204.239574909
306.481886148
226.396842957
227.96914506
236.642920017
209.576085091
230.543660164
205.558489084
234.327203989
302.881784916
304.928153992
302.406985044
247.051170111
228.904101133
304.301078081
206.117669821
210.316814184
229.324182034
213.688280106
231.912662983
230.174468994
271.179419994
228.417026043
207.083868027
229.38427186
228.091474056
268.119538069
229.185984135
286.532137156
204.502007961
265.173624992
205.636228085
205.697240829
304.55311203
226.587924004
202.795189857
298.673599005
256.389894009
227.269396782
