Experiment Results
13.8168561459
20.4986319542
20.21814394
21.6915440559
20.2909460068
14.7438938618
18.2494690418
22.1030569077
21.1855449677
16.4361932278
17.9861347675
17.4042360783
16.9964699745
21.6073071957
20.4260540009
18.4661290646
15.8629379272
17.4159100056
17.8840889931
18.623705864
19.7046551704
18.509827137
17.2136740685
16.5620498657
19.6027140617
16.1478879452
18.0752549171
15.923997879
18.86256814
16.2109808922
22.1766681671
18.5009078979
17.4057879448
17.6548421383
17.2494130135
18.7201559544
17.2444069386
16.5837640762
21.1608698368
16.8467371464
16.9863860607
19.2961699963
17.4988548756
17.1944839954
18.7030639648
17.6890230179
14.9915959835
17.730935812
19.490434885
19.358301878
18.4375500679
17.7511091232
18.3199279308
18.8176548481
20.7873220444
15.5564689636
19.628412962
14.7394049168
17.1238701344
16.6673829556
20.1684160233
15.9900641441
24.5318961143
17.4410560131
18.9717009068
20.1285531521
17.746863842
19.232074976
17.235296011
19.8585989475
23.2826099396
22.7122108936
21.8050301075
18.0007970333
20.2850561142
22.3432838917
17.7711811066
16.6112220287
19.6049101353
17.0582649708
18.7755348682
20.615404129
19.8134889603
19.9819579124
19.2742311954
17.4139728546
18.6263439655
23.1791729927
20.3244788647
21.0329389572
18.5107491016
18.7660970688
18.3781020641
15.603946209
22.94176507
16.1102099419
17.4202442169
24.2624020576
19.924435854
19.1664159298
17.3975658417
22.684803009
24.0400090218
25.0650200844
22.225331068
17.9325528145
21.9692370892
22.8199779987
23.4544219971
18.348703146
18.1420829296
17.4350240231
19.3418211937
25.7396287918
20.9245450497
18.9646098614
20.2199029922
15.8635179996
19.2486710548
21.002491951
22.6413609982
17.2250819206
21.7100229263
20.1419188976
22.9088799953
21.3398790359
17.7355561256
18.0212759972
19.6670019627
18.0618100166
22.5700099468
18.0147650242
14.8416619301
20.1584529877
19.1742908955
17.7980351448
18.9351091385
17.9302420616
25.2908799648
18.5031058788
20.6177830696
19.177672863
15.8790709972
18.0120148659
19.5580940247
21.4612770081
17.4528648853
18.0288698673
21.8545429707
20.1595818996
19.7252991199
17.383849144
23.7753119469
18.3145589828
20.4693901539
19.9817328453
22.887583971
14.2378740311
19.3578519821
17.4751060009
19.6134819984
16.8653149605
23.6745710373
17.8689658642
19.1754589081
21.8421092033
17.4531037807
19.8069000244
16.979861021
21.1314611435
22.6850678921
27.717058897
23.2864439487
19.7311389446
17.2157781124
25.4162089825
14.458409071
19.1949100494
20.7682518959
16.2793910503
18.1661798954
19.027477026
22.1537671089
19.554680109
19.0516541004
20.6291339397
20.753426075
21.9040961266
19.7992548943
26.2816710472
19.1868598461
21.7590909004
15.0843269825
18.2058720589
24.3291370869
18.0176429749
15.7386600971
26.5798938274
20.4307389259
20.7158470154
19.865377903
30.1399052143
21.4316720963
22.0204930305
22.3482019901
18.4580659866
21.6028330326
21.1081328392
25.9277529716
19.9686100483
20.7553110123
18.5835108757
19.4057900906
23.3520839214
22.8673980236
22.6296019554
18.371021986
17.3424088955
17.7984499931
19.2989640236
26.0153868198
17.1094870567
16.3365490437
20.3907542229
23.4502301216
17.1802768707
15.3553261757
18.743270874
18.0529360771
20.8442509174
24.2912900448
17.5061600208
17.9949698448
21.4475190639
20.1117579937
20.2744169235
16.7278730869
19.1173439026
27.9135730267
16.366243124
21.2089929581
21.6756598949
15.7106781006
18.1614301205
20.2073979378
19.0137960911
18.0276639462
20.3500199318
21.2999141216
18.2820839882
18.4545481205
18.467099905
19.7539482117
19.2064940929
25.905867815
18.9150969982
19.2153110504
14.5736711025
15.8161649704
17.1118850708
19.263117075
21.2437338829
24.7843952179
18.5774521828
23.3679819107
19.2018921375
17.6057908535
20.6187479496
19.4734659195
18.623431921
24.887732029
23.344438076
24.661842823
19.6994349957
17.7069270611
22.9880719185
16.1643941402
16.8620550632
20.456882
17.5329051018
20.8623178005
19.1947171688
22.1232171059
18.5828371048
18.5955579281
18.6022980213
18.7417240143
21.3390071392
17.363984108
22.4198288918
15.4841470718
22.5887260437
17.1342420578
19.2776989937
24.6816029549
19.0382559299
17.5581219196
23.7961010933
21.118885994
18.6073141098
17.0129349232
26.1870028973
21.292869091
22.4401600361
23.6933510303
17.3193740845
19.9401359558
23.9764568806
25.4585249424
18.850924015
18.6241600513
20.058175087
19.7928881645
24.8792760372
23.5466141701
21.8859739304
19.5778210163
16.438172102
18.6699180603
17.9032239914
24.4802689552
19.2258291245
20.2725951672
21.2394480705
20.7732310295
19.2846651077
18.4975550175
18.2885811329
19.0100359917
18.8480198383
23.8235859871
19.217705965
16.7364969254
20.6629061699
20.2588660717
21.1367270947
16.4452199936
15.7390470505
25.8067979813
19.4004650116
18.6353361607
20.5968928337
16.2998268604
18.383852005
21.9697828293
20.298678875
19.0561878681
20.4327390194
21.1293029785
22.5455121994
16.5250980854
16.8755271435
19.8618328571
18.0871360302
23.3862440586
20.7153458595
19.5555281639
14.3556220531
16.5001330376
18.5519759655
19.9385359287
16.9975090027
24.0366179943
17.0225160122
16.9520008564
20.235211134
16.0686590672
21.626226902
17.9310390949
19.3482670784
25.5809390545
22.3608090878
24.3692471981
20.359582901
18.001967907
22.379513979
19.375207901
17.4627480507
21.3520109653
18.1828398705
18.0470399857
22.5772020817
22.23031497
19.4328341484
15.6079399586
18.5425779819
18.682528019
22.9071269035
18.2476069927
23.6865561008
18.2471349239
23.9389739037
16.6360430717
19.264428854
25.4410049915
21.0617799759
14.810393095
26.3194451332
21.0299181938
18.9475967884
18.4443240166
32.7838511467
23.9217300415
21.6307668686
21.9118621349
17.5419700146
27.2227540016
21.8792920113
24.2706229687
16.1206510067
16.1704828739
20.469974041
21.3928170204
24.630343914
22.3520359993
19.1347250938
16.7431240082
15.8685200214
20.1482040882
21.8565359116
24.9147889614
21.9399790764
19.4240550995
19.1796901226
24.5632820129
20.7693049908
16.7254018784
21.809472084
18.8297841549
19.3690459728
25.4612591267
17.6560680866
19.5979950428
20.4517011642
18.1998341084
20.3578770161
16.7932958603
18.6138830185
26.7617468834
16.0157940388
17.9139859676
19.5110440254
17.347840786
20.9363648891
20.7649378777
22.7123179436
18.8544821739
20.2685229778
22.7586140633
18.6875851154
18.2641730309
19.9824960232
16.9749310017
21.6189990044
23.4944300652
20.2806329727
21.1262860298
15.3028619289
18.2903180122
17.6983959675
21.0095589161
19.6776349545
25.9621551037
21.5514149666
23.4089970589
20.3388440609
15.8985078335
18.0616879463
17.5470490456
18.8496599197
24.6935839653
24.931994915
26.1272630692
23.703783989
17.5958890915
25.1081709862
18.6434650421
18.8112258911
20.5490028858
18.8258399963
19.1993570328
21.5156228542
20.7891950607
16.0643718243
20.1063108444
19.5743169785
20.2130389214
22.4969270229
17.8408541679
23.0364029408
18.9326951504
22.0744490623
16.3257360458
18.2640838623
27.6836447716
20.1174800396
19.1648540497
25.0425770283
23.8543560505
18.761054039
17.8720350266
21.3297860622
24.8073589802
23.7131631374
22.2856600285
17.3087871075
22.703815937
23.4350781441
24.890887022
18.2975330353
21.3706488609
18.0195629597
18.052562952
25.2297580242
25.4090969563
19.1942529678
21.2090759277
19.3826589584
18.0833330154
19.1250710487
21.6260888577
19.6710019112
20.2824208736
22.779145956
26.078400135
20.8325119019
19.2854850292
20.0602419376
22.4590001106
20.4902098179
23.0817849636
15.9205238819
19.318089962
19.9017930031
20.6933469772
21.1401808262
21.416975975
20.1469619274
25.5610458851
17.57071805
19.9824659824
19.0531730652
16.4805490971
18.9655468464
21.4848310947
20.4759609699
18.7424819469
23.8134198189
22.6371889114
18.7895929813
17.6736180782
17.0170359612
17.67654109
19.9195048809
24.2289628983
21.5176920891
21.0497379303
13.7091710567
18.7072780132
17.836359024
20.3365139961
22.0301499367
29.2831609249
20.153758049
20.8090610504
19.2482700348
17.8672938347
18.9050819874
19.6265199184
20.8669540882
26.8512420654
22.8788142204
23.9714028835
25.1466770172
19.7517740726
24.5506088734
16.3118760586
19.5972299576
21.0774059296
17.4552299976
19.2196378708
19.2408242226
20.2530660629
21.9230220318
20.4175589085
21.3387191296
19.6110110283
21.9159638882
18.5719950199
27.0973658562
21.5526928902
21.5392792225
17.4357249737
20.3616299629
26.1807730198
16.7771990299
18.4076991081
28.1731760502
21.8494510651
18.3695881367
