Experiment Results
16.107149988412857
12.232548151165247
11.998996352776885
11.898755311965942
11.910890277475119
13.03437634371221
11.707353299483657
11.141907857730985
11.688396520912647
11.794109350070357
12.189199473708868
11.990573909133673
12.367706082761288
12.29219469986856
11.78049086406827
11.980214474722743
11.884502451866865
12.188284007832408
11.597353598102927
12.074010459706187
12.605077089741826
11.785099484026432
11.705836618319154
12.309084076434374
12.355482975021005
11.496205592527986
11.62116850912571
11.73180103674531
11.767872169613838
11.668419282883406
11.819399194791913
11.876458095386624
12.382741814479232
11.98762740381062
11.824769964441657
11.66305822879076
11.61275515332818
12.750011609867215
11.891726177185774
11.83673869073391
11.926128232851624
11.815221171826124
12.155431570485234
11.720824461430311
12.296837456524372
11.694780549034476
11.752693817019463
11.699496500194073
11.316149888560176
11.470053432509303
11.404765974730253
12.374605679884553
11.914117135107517
11.480248874053359
11.495506163686514
11.608274405822158
11.678448755294085
12.287416135892272
11.93158159777522
11.785153010860085
11.862398600205779
11.592009445652366
11.886461656540632
11.592998733744025
11.429987786337733
11.448895923793316
12.301277119666338
11.725869240239263
11.275084326043725
11.474944794550538
11.605278793722391
11.988442765548825
11.61952649988234
11.762280032038689
11.776893654838204
12.09597603417933
11.993460699915886
12.008234735578299
11.995559560135007
11.784163182601333
11.63766822591424
11.658560514450073
12.294282224029303
11.877776425331831
11.703510913997889
12.10485053807497
12.05949834547937
11.528940577059984
11.603256911039352
11.743953386321664
11.368293765932322
12.153112662956119
11.675460111349821
12.216273702681065
11.661710482090712
12.241240656003356
11.64743079803884
11.93484902381897
11.652331963181496
11.91008792258799
12.733985230326653
12.104448473080993
12.31969452649355
11.823968777433038
12.035469012334943
12.065934034064412
11.60866549052298
11.74957781098783
12.188790388405323
12.985866596922278
11.938948260620236
12.139169359579682
11.892207080498338
11.968136796727777
11.79195149987936
12.103826781734824
12.090992454439402
12.086758147925138
11.672816403210163
11.873428020626307
12.09431099332869
11.963692707940936
12.006109634414315
11.589485021308064
11.482976345345378
11.824146201834083
11.657673418521881
12.056851718574762
11.649470901116729
11.66948371194303
12.143093636259437
12.00750870630145
12.087768413126469
11.582932841032743
12.496919427067041
12.088280068710446
12.381443006917834
12.104584962129593
11.371114369481802
11.81730824150145
12.57569931447506
12.007139315828681
11.84942388907075
11.598742187023163
12.036029886454344
11.842398470267653
12.005197579041123
12.48189578205347
11.389701584354043
14.270759504288435
11.311491828411818
12.997303865849972
12.19918006658554
12.42308702878654
12.550109885632992
12.301315812394023
12.281117770820856
11.574941001832485
12.403105469420552
12.387117838487029
12.780832728371024
13.522492920979857
12.16834432631731
13.58073727041483
11.717090800404549
12.172310886904597
13.600674960762262
13.381380554288626
13.103186707943678
12.512779431417584
12.066051891073585
11.534628788009286
11.788982905447483
12.057237794622779
12.865162199363112
12.422401864081621
12.27320664189756
12.290812205523252
12.218181950971484
11.848752973601222
12.73693191818893
12.480738818645477
18.03869390487671
11.462014619261026
11.878824492916465
12.802401289343834
12.487576993182302
12.401878576725721
13.985712226480246
12.36423726938665
12.010135512799025
11.713324083015323
11.689884204417467
11.793692670762539
12.404251405969262
11.79379266873002
11.587356243282557
11.881723824888468
12.482860408723354
11.573792316019535
12.959612362086773
12.783009719103575
12.468789441511035
12.577402459457517
13.270944576710463
12.57965125516057
12.512533232569695
12.512388007715344
12.516957264393568
13.555956490337849
13.093978447839618
12.075306301936507
11.783139614388347
13.007058372721076
11.673464305698872
13.183740163221955
12.210572592914104
13.97218705713749
11.986615987494588
12.165648264810443
13.292739240452647
13.027216855436563
12.240755578503013
12.605968790128827
14.587756903842092
11.524491656571627
14.002514129504561
12.665408989414573
12.535297049209476
14.001123310998082
13.03224048949778
13.653983004391193
12.48969835229218
13.097985688596964
11.781553335487843
13.710714399814606
11.97027070634067
12.597310364246368
12.273022286593914
13.205272439867258
13.464847829192877
11.607248907908797
13.283691441640258
13.181549122557044
14.304603790864348
12.488199913874269
11.767138823866844
13.179650405421853
11.50974354147911
12.376392289996147
12.487357227131724
11.891667794436216
12.68462298437953
11.702020904049277
13.668919017538428
11.796415973454714
12.626851266250014
11.653178632259369
12.101937416940928
11.784207662567496
11.97041217982769
12.028681419789791
12.990273252129555
12.399566484615207
11.58210234157741
12.360237115994096
12.121657894924283
11.713653281331062
12.36568365432322
11.726779425516725
14.181931195780635
11.989977920427918
13.078464051708579
11.603022856637836
11.879661289975047
13.694203991442919
11.59502299129963
11.996314132586122
12.0078432764858
12.091667698696256
12.405516291037202
13.06046856380999
13.784251265227795
12.589563338086009
12.513429155573249
12.983853666111827
12.87820552662015
12.809917386621237
11.90022961422801
12.35905253328383
12.42386132106185
12.890165554359555
11.699997577816248
11.839718919247389
12.657064702361822
12.89317299053073
12.686995109543204
11.670597653836012
12.235466443002224
11.973687622696161
12.132942028343678
16.414736308157444
14.007245382294059
12.797697875648737
11.866617497056723
12.383445696905255
12.181614965200424
12.77771924994886
13.265327960252762
12.981969686225057
11.584358071908355
13.31147987395525
13.640828497707844
13.905679224058986
13.775242356583476
15.667836071923375
12.61379499733448
13.662134815007448
13.397055579349399
13.791699731722474
12.961715603247285
12.279956204816699
12.597636794671416
12.991090754047036
13.619889991357923
12.163211291655898
14.10983526147902
12.587793255224824
11.46045315079391
11.980152573436499
13.099579716101289
11.985051099210978
11.790638720616698
11.926117196679115
11.851032825186849
12.505703821778297
15.903876224532723
11.944485060870647
11.83368675224483
11.638000233098865
13.020367885008454
11.8064992018044
11.954777425155044
12.285295138135552
12.4992845505476
11.992509396746755
12.867578748613596
11.908776942640543
11.858078483492136
12.209982456639409
11.81524308770895
13.558596970513463
14.686205534264445
12.418882358819246
12.163399923592806
11.991355281323195
11.966358402743936
11.918795373290777
12.209289332851768
13.185023456811905
12.572612956166267
11.637125020846725
13.053657542914152
12.087684286758304
12.785529328510165
13.110983815044165
13.944640135392547
11.909393798559904
17.100095953792334
12.398374581709504
11.791004043072462
12.472713289782405
11.646718244999647
12.376624269410968
11.558900436386466
12.40338995307684
12.00239778868854
13.081063579767942
15.803210897371173
12.977321371436119
13.386702597141266
11.818693485110998
11.975753966718912
12.494046621024609
16.504827935248613
13.367946220561862
14.135892678052187
11.778351629152894
12.33320557512343
13.34159385226667
11.691200582310557
11.987921845167875
11.985247833654284
12.007534343749285
12.267965245991945
13.61354323476553
12.647592172026634
12.866873549297452
12.1752694491297
11.709198715165257
14.522841814905405
16.06336029432714
13.161989914253354
13.858959211036563
12.212523678317666
12.36626942269504
12.798145255073905
14.060548439621925
13.382787957787514
12.950850240886211
16.84154922515154
13.167846877127886
12.591074822470546
13.19269334897399
14.176239216700196
13.187524883076549
12.500636260956526
13.348040711134672
13.197486508637667
14.087452676147223
12.529491966590285
12.538290031254292
13.174095327034593
13.906011762097478
12.284160701557994
15.709359604865313
11.96703115478158
12.190871326252818
11.972127063199878
15.521941989660263
14.1734654661268
11.866630082949996
13.006472643464804
12.714005494490266
13.538385536521673
13.112024111673236
14.168015900999308
13.509083680808544
11.765709834173322
13.405558977276087
12.994967576116323
11.480611817911267
12.588281547650695
13.503256248310208
12.175682596862316
13.46470893919468
12.719987962394953
12.701255584135652
11.769451081752777
12.300170117989182
12.986492145806551
12.196989929303527
13.059878673404455
12.099896769970655
12.997850457206368
13.284389058128
12.679539736360312
12.26345526240766
11.767199162393808
11.666900794953108
12.79373523592949
12.776330845430493
13.09029251895845
14.397465866059065
12.327994674444199
12.184983439743519
14.982466779649258
17.68082083016634
13.203727975487709
12.383048778399825
13.179946718737483
13.69787484779954
13.485855059698224
11.558837413787842
13.536384804174304
13.821468874812126
13.299627646803856
13.765052618458867
11.832035848870873
12.88222773745656
13.9724538680166
13.119363568723202
17.782894333824515
15.204462239518762
12.317330494523048
13.482576120644808
11.815304391086102
12.65604916960001
11.782742328941822
13.971067385748029
12.32040897384286
11.918527824804187
11.483722977340221
12.375308703631163
12.306660361588001
12.880791071802378
12.395938001573086
12.186021380126476
12.381728583946824
11.714946508407593
13.896397210657597
13.314127700403333
14.371128061786294
11.767146237194538
12.496078819036484
12.804949343204498
13.325376508757472
13.176399940624833
11.663558660075068
12.239165622740984
13.397906409576535
11.550497364252806
12.926574824377894
13.720443215221167
12.712176654487848
13.604326337575912
13.64282152056694
14.53371587768197
13.803705208003521
13.116031376644969
12.205317839980125
11.577421998605132
11.987887045368552
11.86508346349001
12.600907737389207
12.222243875265121
13.484594706445932
14.16656595095992
12.185601675882936
16.860277868807316
15.227068880572915
12.48139869235456
12.2592094540596
13.395405519753695
13.80341257341206
14.100562302395701
12.780595006421208
12.325565818697214
13.551336865872145
12.009169841185212
12.272367492318153
12.186416748911142
13.377829330042005
11.881115656346083
13.692613014951348
12.071139203384519
12.607956256717443
12.256707092747092
14.70874933898449
14.053146259859204
12.441434394568205
14.396695867180824
12.622000236064196
12.345887642353773
12.101552018895745
17.29224629327655
15.081218015402555
12.204541796818376
12.471741795539856
12.891934590414166
12.12400884181261
12.08310784213245
13.436324732378125
13.45914276689291
13.178419576957822
12.175914023071527
12.61010312475264
14.199706975370646
13.383012972772121
12.91001714579761
13.067225793376565
12.376899627968669
12.508979914709926
13.808476325124502
11.994832016527653
14.185458596795797
11.896720612421632
13.00946319848299
13.48385370709002
13.530949097126722
12.538841528818011
12.892186753451824
13.696236731484532
13.52372089214623
13.749304506927729
12.507989279925823
12.411220349371433
17.86464988067746
13.306773152202368
13.189071729779243
14.661221725866199
14.812919082120061
11.391274075955153
12.029307080432773
13.480674991384149
13.49533667229116
14.01138942874968
11.658755250275135
12.19519110955298
14.505561845377088
