Experiment Results
5.161180229857564
5.065369009971619
4.561949338763952
5.273628249764442
5.382753167301416
4.8667890429496765
5.09299892000854
4.382383996620774
4.5855660028755665
5.187261406332254
5.060378039255738
5.508211588487029
4.6704456731677055
4.706790195778012
4.46583522297442
5.085395306348801
4.4885559026151896
5.189353741705418
4.9834257531911135
4.587886610999703
4.586940793320537
4.673370655626059
5.2872917000204325
4.3954234048724174
5.1739429626613855
5.093233620747924
4.398801216855645
4.882541799917817
4.2837141919881105
5.500940291211009
4.479978069663048
5.380494687706232
5.0905197616666555
5.099984999746084
5.0825285613536835
4.77820404060185
4.305524809285998
4.776945196092129
5.196926712989807
4.983682105317712
4.996934192255139
4.40208900347352
4.467743193730712
4.893254967406392
4.8886178601533175
4.794763717800379
5.102963894605637
5.184359345585108
4.598359612748027
4.9814973548054695
4.601303035393357
5.080761479213834
5.204099360853434
4.78165309689939
4.499799368903041
4.575153144076467
5.623433087021112
4.4684232752770185
4.78847317956388
4.696159143000841
4.8938451781868935
4.3020432740449905
4.878435337916017
4.495776515454054
5.22501065954566
4.665968814864755
4.786852138116956
4.783886197954416
5.10527603700757
4.388887710869312
4.883228650316596
5.306867679581046
4.890473721548915
4.59323207847774
4.865351855754852
5.123281292617321
5.077630756422877
4.902236020192504
4.881351601332426
5.10168307647109
4.4896492306143045
5.094708986580372
4.70906157232821
4.878500398248434
4.691906938329339
7.197080124169588
4.78629338927567
4.896889463067055
4.797745157033205
4.479524530470371
5.200576949864626
4.881863923743367
4.401272404938936
4.894143829122186
4.917548658326268
4.771771855652332
4.89095844887197
4.79595167003572
4.088342504575849
4.299981156364083
5.454971859231591
4.859946874901652
5.264399476349354
5.191840533167124
5.371509779244661
4.580171827226877
4.783158797770739
4.874466748908162
4.984704174101353
5.278274657204747
5.098398065194488
4.18405875004828
4.984692296013236
4.984647508710623
4.682208737358451
5.077368939295411
5.686758037656546
5.080477209761739
4.499696187674999
4.884416149929166
4.986230477690697
4.785485330969095
4.688243934884667
5.179004233330488
4.89129938557744
5.3919248059391975
5.383201459422708
6.481012327596545
5.60880383849144
7.578090611845255
4.780696377158165
5.993403343483806
6.082881489768624
4.587039971724153
8.013501834124327
5.262783100828528
8.191761758178473
4.798664748668671
6.481069482862949
5.793958019465208
9.190777737647295
4.52553129196167
5.353691441938281
5.583201253786683
4.701340612024069
5.381333773955703
5.291027668863535
6.9978727120906115
4.730781806632876
4.655955646187067
4.884321624413133
4.983883559703827
4.906867744401097
4.8872508723288774
4.7849042396992445
5.008493462577462
9.987064693123102
3.9877008199691772
4.598537087440491
5.0828626193106174
5.094703860580921
5.086485439911485
5.410137115046382
4.8676805309951305
4.899224806576967
4.402199532836676
5.946473864838481
4.940694145858288
6.311044601723552
6.663962945342064
4.602391446009278
4.980227401480079
4.795724084600806
5.285818390548229
4.7069700341671705
6.093291195109487
5.695461954921484
5.778279738500714
6.2963541485369205
6.788344400003552
4.997759930789471
4.787397164851427
4.520426509901881
4.273174682632089
5.7860412653535604
5.305156446993351
4.978777730837464
7.09506706520915
4.40663998760283
4.590777788311243
4.883884411305189
5.609990112483501
5.770963365212083
4.994848508387804
4.40511024557054
5.492003783583641
5.887547601014376
4.693228244781494
5.796159638091922
4.693360721692443
7.451007109135389
5.760750658810139
6.96515672467649
6.381342172622681
4.995451690629125
4.962202483788133
5.384557975456119
5.875038294121623
6.772499356418848
5.902070170268416
6.204112788662314
5.871263949200511
6.588095437735319
6.971245557069778
5.781961800530553
5.887312356382608
7.685188604518771
6.279486324638128
5.900873018428683
5.469414509832859
5.287446692585945
5.698593053966761
5.6746794153004885
5.392481837421656
5.384165627881885
6.585455035790801
5.788930609822273
5.403699904680252
7.68179539591074
7.281472345814109
4.781890209764242
4.604424711316824
5.674028782173991
5.792742125689983
5.096669722348452
5.385055864229798
5.392214152961969
6.407668540254235
6.9578386805951595
5.6386559177190065
6.860494490712881
6.470872290432453
6.602937942370772
6.98870013654232
4.5014646127820015
6.0794943906366825
6.39225815422833
4.496088590472937
4.481944663450122
5.189532520249486
4.7047097608447075
6.2801939602941275
5.598762301728129
5.188876640051603
9.883581679314375
6.189319321885705
7.387608917430043
5.098789379000664
6.191574010998011
5.8385764472186565
9.65362978540361
6.179839875549078
5.707082521170378
4.990810951218009
5.689514737576246
6.286726428195834
5.695755807682872
5.397050132974982
5.192573510110378
5.8851286843419075
4.600789913907647
5.102300308644772
5.49236754886806
5.081657579168677
5.284225456416607
5.606692096218467
4.776881773024797
5.323746720328927
4.8945485800504684
5.782181542366743
5.084552330896258
5.183236071839929
5.290005289018154
5.206342548131943
4.5836500488221645
4.503171307966113
5.5791906621307135
5.108229655772448
4.983590224757791
8.42535543628037
7.862369857728481
7.392647709697485
4.898101352155209
5.9968125484883785
5.603441527113318
10.085687533020973
5.591031242161989
5.350649576634169
5.711485642939806
4.49996879696846
5.947007929906249
7.050048286095262
6.382654771208763
5.4471364710479975
5.893427394330502
5.987014215439558
6.862737625837326
5.7123278342187405
7.179140884429216
6.456265110522509
4.698650619015098
5.684592688456178
6.77484605461359
6.185979876667261
6.095300253480673
5.877249965444207
4.883707528933883
10.383563917130232
5.8007583394646645
8.481960805132985
5.977472819387913
4.9946060460060835
6.492698209360242
6.2697820123285055
4.792239226400852
4.79818818718195
7.679167395457625
4.680031247437
5.108196834102273
7.169290032237768
5.688405932858586
5.3886388167738914
4.895630041137338
5.885984802618623
6.790218247100711
5.68504205904901
5.000758957117796
4.280429882928729
5.499137111008167
4.767956396564841
5.606211567297578
5.183991499245167
4.8047437854111195
5.6893825232982635
5.084851065650582
6.087186507880688
5.991988664492965
7.090387888252735
5.085147866979241
8.086262987926602
4.091698219999671
5.612017972394824
5.874131493270397
4.629057547077537
5.369879495352507
4.673880020156503
4.729947347193956
5.6723867431283
5.268497969955206
4.903561171144247
4.982636695727706
4.808536574244499
4.677775114774704
4.905672686174512
6.083338754251599
5.10024101100862
5.488708570599556
5.599444858729839
6.288750002160668
7.5889963414520025
4.981836102902889
5.5101027227938175
5.674839939922094
11.510495729744434
8.394666615873575
5.7890218533575535
7.994633074849844
6.690905749797821
5.98584677092731
6.0992039535194635
7.087864434346557
5.596594577655196
5.488463446497917
5.798357982188463
5.680771704763174
4.799707001075149
5.188638074323535
5.692080644890666
4.688452025875449
4.79571214877069
5.002484215423465
6.786294482648373
6.090659067034721
5.401567969471216
4.996025040745735
6.383345868438482
5.688968515023589
4.7161685191094875
7.484546419233084
5.3030270878225565
6.836742339655757
8.568665590137243
7.970246670767665
6.563747840002179
4.6877290569245815
4.875289211049676
5.684862585738301
7.7696702759712934
6.096130663529038
7.084996091201901
5.8865756671875715
8.282931616529822
4.985948972404003
7.416792372241616
5.38466233946383
6.64970432035625
5.094196947291493
5.0727202501147985
5.485190790146589
5.983910420909524
5.481051549315453
5.591815875843167
5.500573618337512
6.975692428648472
5.592607419937849
4.889529375359416
5.882882781326771
6.685239881277084
6.213078876957297
6.083823937922716
6.892754822969437
7.762755908071995
5.784259304404259
5.598324220627546
6.072655983269215
6.59731012955308
6.38528067804873
4.4283775724470615
4.8534231055527925
5.795935157686472
6.980831975117326
5.186229335144162
5.590882493183017
5.795434143394232
4.585843442007899
5.101674657315016
6.080536600202322
7.413855593651533
6.3935980051755905
5.576849490404129
5.402635507285595
5.382953254505992
4.606889802962542
6.259524583816528
4.792249705642462
6.093840967863798
5.691655037924647
5.698915399610996
6.994866173714399
4.856743017211556
5.296267971396446
5.094501776620746
4.991849184036255
6.2811999674886465
6.120624395087361
6.969982173293829
6.193051984533668
4.897856414318085
5.995107753202319
5.284219549968839
4.703841278329492
4.788519416004419
4.890951916575432
4.4856780376285315
5.006060937419534
6.29184465482831
4.591359108686447
5.496291423216462
8.484476242214441
4.694183070212603
5.0860693864524364
5.996900735422969
5.786436956375837
5.9914118349552155
5.806718921288848
9.788122773170471
6.135287871584296
6.389783604070544
6.261282837018371
6.47707486897707
4.5095594096928835
6.7876224890351295
8.416668431833386
6.677574964240193
5.779269814491272
6.192941712215543
5.492157582193613
5.309671603143215
5.481921151280403
4.704948021098971
7.446673037484288
8.366519555449486
11.461556443944573
6.283186851069331
5.565527839586139
6.18779013492167
6.4725987277925014
4.9868200197815895
4.783625079318881
5.183452386409044
4.6832617949694395
4.990623516961932
4.987946694716811
4.782196659594774
7.088030997663736
6.615026991814375
8.572244552895427
8.663328362628818
5.284995973110199
5.395928068086505
6.298376549035311
6.677153777331114
5.967913202941418
5.493508441373706
6.320994254201651
5.757740054279566
6.783423259854317
5.279490955173969
5.895521545782685
7.323447819799185
5.2529146280139685
6.985687606036663
5.384275611490011
5.607583837583661
7.078532749786973
8.196596559137106
6.175371870398521
6.101247603073716
5.585232172161341
5.291876619681716
5.381777450442314
4.4006598349660635
5.089607184752822
5.382455678656697
5.196514001116157
5.3855248130857944
5.107589885592461
7.011170456185937
4.558103524148464
6.184456160292029
5.736134320497513
6.348991045728326
6.390507772564888
5.7022143211215734
7.586254457011819
9.594641590490937
10.185351092368364
5.988976012915373
5.200195651501417
6.496534377336502
5.3840938825160265
5.902333138510585
5.881420528516173
6.198435643687844
9.290241310372949
6.689030162990093
6.198458012193441
5.78140483982861
6.704660566523671
7.106650546193123
5.977825777605176
5.784098004922271
6.332097090780735
5.751420680433512
6.398277640342712
7.591706456616521
7.386071657761931
5.301812455058098
5.395043903961778
5.7775631826370955
4.7198493257164955
5.967415189370513
5.392393985763192
6.401078145951033
5.8013228289783
5.612733932211995
5.673325002193451
7.021159704774618
4.976794430986047
5.774835802614689
5.902887988835573
5.389033699408174
7.084913965314627
5.096560003235936
5.797532979398966
6.3972004521638155
5.781694740056992
5.301910143345594
5.986697513610125
4.998683262616396
