Experiment Results
15.641248466446996
11.646826727315784
11.742171680554748
11.466672465205193
11.900689477100968
11.482457056641579
11.688644839450717
11.749925097450614
12.361146865412593
11.42312222532928
11.683840917423368
11.57370681501925
11.898663762956858
11.773891404271126
11.796156635507941
11.761264968663454
11.517276851460338
11.307984117418528
11.386176383122802
11.687362788245082
11.652414370328188
11.787250140681863
11.613064639270306
11.692398866638541
11.464677786454558
12.09485835954547
11.582599189132452
11.579926893115044
11.939971456304193
11.796513475477695
11.312618274241686
11.477798542007804
11.206659581512213
11.281457645818591
11.808660672977567
11.326601644977927
11.74474024772644
11.405512310564518
11.677179727703333
11.388521617278457
11.882299646735191
11.37279399856925
11.828905932605267
11.371289018541574
12.502704802900553
11.983568735420704
11.758788160979748
11.518022160977125
11.007016971707344
11.375906443223357
11.172639364376664
11.614716671407223
11.68113567121327
11.223387209698558
11.26940917223692
11.370135456323624
11.297357449308038
11.896816853433847
11.7830113992095
11.688139241188765
11.52817814052105
11.598612008616328
11.30222881026566
11.280531452968717
11.739042911678553
11.68719768896699
11.628885878250003
11.52367596514523
12.284676443785429
12.777573805302382
11.168888064101338
11.25442437082529
11.550281586125493
11.38679987564683
11.227101100608706
11.537603614851832
11.41833433508873
11.180034060031176
11.5896235127002
11.571526873856783
11.859177066013217
11.44694366492331
11.400566052645445
12.044123578816652
11.225719902664423
11.901965292170644
12.076442373916507
11.77664740011096
11.748856024816632
11.362628605216742
11.585086291655898
11.373326253145933
11.191904101520777
11.627806412056088
11.074198318645358
11.828346520662308
12.059402026236057
11.433666687458754
11.604052206501365
11.588617576286197
12.141010835766792
11.57089626044035
11.563014689832926
12.09575429186225
11.966159466654062
11.856906598433852
11.479367220774293
11.497273962944746
11.47851855121553
11.151901934295893
12.59028677456081
11.888249540701509
11.98004543967545
11.793238513171673
11.57740312628448
12.084989227354527
11.926460342481732
11.889336680993438
11.639286555349827
11.394557429477572
11.570064844563603
11.860098319128156
11.954410819336772
11.766532186418772
11.57101659849286
11.817712847143412
11.649989867582917
11.91066456772387
11.476718528196216
11.583277629688382
11.606433600187302
11.612964417785406
11.558711990714073
11.606941336765885
11.77759332768619
11.493687678128481
11.615868229418993
11.580526920035481
11.882849663496017
11.75484169460833
11.924411669373512
11.49201119877398
11.691032592207193
11.800039304420352
11.789886198937893
12.079376997426152
11.278418865054846
12.07132801413536
11.097728362306952
11.715371729806066
11.77749189734459
11.3726593144238
11.447982393205166
10.968744281679392
11.73836051672697
11.02599499002099
11.573415761813521
11.475629208609462
11.303495230153203
11.282119972631335
11.915693586692214
11.370619582012296
11.380835300311446
11.591653242707253
11.313990699127316
11.682412536814809
11.809487508609891
11.682223351672292
11.489102439954877
11.416863927617669
11.850425362586975
11.443316012620926
11.688564270734787
11.494878498837352
11.645006112754345
12.137415720149875
11.689915552735329
11.49497846327722
11.596915302798152
11.493607569485903
11.882687389850616
11.26859931834042
11.597363343462348
11.20374571532011
11.286096144467592
11.38950521312654
11.889104429632425
11.696002444252372
13.725078551098704
13.241257809102535
12.907323271036148
11.440648389980197
11.68655633367598
13.2696234267205
11.98099373653531
13.59299387410283
11.99399763904512
11.710760241374373
11.690793687477708
12.5355707090348
14.672375237569213
13.516494708135724
11.315547551959753
12.162116583436728
11.659185050055385
11.631291331723332
13.597130728885531
11.621239902451634
12.108153058215976
12.803038513287902
12.667884482070804
12.364900406450033
14.575855884701014
11.578124403953552
11.763901760801673
12.345518862828612
12.443453384563327
11.956524601206183
11.444785235449672
11.37353884615004
12.582532864063978
12.165339713916183
12.000661756843328
12.286141403019428
14.796266738325357
11.090026214718819
12.410643136128783
12.159443823620677
11.888500152155757
12.803628550842404
11.486226318404078
12.026753338053823
11.84797958470881
12.081500524654984
11.995721871033311
12.406804325059056
11.713790284469724
12.837056702002883
13.158025939017534
12.310093762353063
11.700211338698864
11.50079920515418
11.516654759645462
11.376250913366675
12.262992253527045
12.186307890340686
10.791205072775483
12.2130903955549
11.528215643018484
11.71738993562758
11.119504354894161
11.886620646342635
11.384730566293001
12.484992014244199
12.119676779955626
11.640017580240965
12.331643344834447
11.646012928336859
12.300116272643209
11.9692547544837
11.891275962814689
11.48949683830142
13.524156840518117
12.480897625908256
12.381924089044333
12.905780877918005
11.78368390724063
12.702587125822902
12.624818686395884
11.565046550706029
12.001038283109665
14.761652810499072
11.110985301434994
12.278062211349607
12.114153191447258
11.185687687247992
11.980823008343577
13.703875623643398
12.38605373352766
12.097305927425623
11.402576072141528
12.208017621189356
12.342737164348364
11.842987462878227
11.383959256112576
11.97655176743865
11.876368265599012
13.41679604537785
11.985410083085299
11.76918113231659
12.313640557229519
12.987181322649121
12.48966077528894
11.395086500793695
12.894577333703637
11.495756784453988
12.566486492753029
11.609597478061914
11.5761653855443
11.49663345515728
13.470038501545787
11.73002634011209
13.888680029660463
12.478111986070871
13.063379103317857
11.31899780035019
11.644617229700089
11.586677247658372
12.37746230699122
12.693557262420654
11.607441680505872
12.58037224598229
12.076111679896712
12.168689075857401
12.091398365795612
11.684786476194859
12.082864621654153
11.878943517804146
11.979668948799372
11.979258105158806
11.633130621165037
11.76184817776084
12.084131382405758
12.12179795280099
12.214755786582828
12.611426591873169
11.56407188437879
11.7005962934345
11.483200585469604
12.457981506362557
11.882946737110615
11.885598290711641
14.506405910477042
12.505013601854444
12.508763095363975
11.660898137837648
11.968969287350774
12.59673341922462
11.988875905051827
12.293728414922953
13.578621331602335
12.108505165204406
11.368083618581295
11.593717761337757
12.093590274453163
12.821032773703337
12.551580296829343
11.599890092387795
11.694059528410435
11.388749720528722
11.614935208112001
12.665248664095998
12.000513391569257
11.483293170109391
11.69897448644042
13.901206260547042
12.373010840266943
11.678380977362394
11.888268252834678
12.236558934673667
12.269624104723334
11.782092431560159
11.69951057806611
12.891556279733777
12.271505298092961
12.400536185130477
11.721364829689264
12.46013231948018
12.208183731883764
12.704708632081747
11.675236390903592
12.293557031080127
13.797426642850041
12.727273866534233
11.839149925857782
12.387127079069614
11.225896092131734
11.575950685888529
11.687623381614685
12.214599153026938
11.082296201959252
12.4873360209167
15.018422847613692
11.262126199901104
12.709342047572136
12.40218478627503
12.117020478472114
12.565496057271957
11.575770188122988
11.90413442067802
11.796172425150871
11.28835616633296
11.87859489955008
11.617503087967634
11.783356502652168
11.221595147624612
11.367476381361485
11.177112629637122
11.099946966394782
11.292165875434875
12.487789573147893
12.474626563489437
12.863317389041185
13.240057699382305
12.511393398046494
11.948396861553192
13.57935698889196
12.48011178523302
11.916011657565832
12.555132944136858
13.164649903774261
12.301856124773622
12.77510129660368
13.76551290601492
12.485627287998796
11.799541521817446
11.71351464278996
11.747304137796164
12.182615093886852
12.499470807611942
11.320751061663032
12.738136461004615
11.99613256752491
11.963638450950384
11.879497522488236
11.50008737668395
12.283706851303577
12.384341200813651
11.51167057827115
12.822829779237509
11.826048472896218
11.515017006546259
11.688551090657711
12.071499893441796
11.604447070509195
12.786630131304264
11.979791339486837
11.475356377661228
11.80205742456019
11.29965265095234
11.797615544870496
12.1848019156605
11.876831257715821
12.286302356049418
12.810893185436726
12.589903423562646
12.503009594976902
12.888506384566426
11.866236640140414
11.806767826899886
12.095225034281611
11.95970350317657
12.309774147346616
11.101529505103827
12.476319216191769
12.098156616091728
11.788110256195068
11.506512189283967
11.877813901752234
12.192305950447917
11.801227230578661
10.982505436986685
12.496433252468705
11.700823612511158
11.385125666856766
12.781877936795354
11.511311763897538
13.001039247959852
12.27724421583116
13.165691209957004
11.011962179094553
11.539588995277882
11.532431051135063
11.712981801480055
11.189206648617983
15.800087643787265
12.158896807581186
12.416374621912837
12.174621077254415
12.80224016867578
11.37706577591598
11.495712231844664
11.109586896374822
12.3692506570369
12.94232253357768
11.963138388469815
12.91753558255732
11.7478116620332
11.797171564772725
12.632192458957434
11.483769970014691
12.059546422213316
11.805705117061734
11.683595361188054
12.19975614361465
12.400775756686926
13.088090736418962
15.071933306753635
11.811527414247394
12.000001898035407
13.995957320556045
12.305376531556249
12.285928288474679
15.665361678227782
12.06571595184505
11.183992240577936
11.996886156499386
11.77811942063272
12.272804787382483
12.080483442172408
11.885928452014923
12.166006242856383
11.511131580919027
11.184677144512534
12.475787427276373
11.969711339101195
11.712959134951234
12.685253670439124
13.718398125842214
13.234070722013712
11.485273197293282
11.78754786029458
12.102554250508547
11.486305840313435
12.982868922874331
12.368731399998069
12.700425179675221
11.896123262122273
13.511141126975417
13.767625480890274
11.80990844219923
12.626207297667861
12.209577837958932
13.093008141964674
12.935190366581082
13.643551079556346
11.907857781276107
11.673388786613941
13.238765843212605
14.03282436169684
12.612984815612435
11.996491888538003
12.566899241879582
11.798380691558123
11.574527110904455
12.293576059862971
12.008983977138996
11.981701128184795
11.30219867452979
12.878294080495834
12.385447097942233
12.83028369396925
12.545410560443997
11.152089470997453
11.60196334682405
12.18706919439137
11.948516841977835
11.226392140612006
11.759577227756381
12.817155566066504
12.788144327700138
11.193682635203004
12.087945237755775
11.567307528108358
11.813047584146261
11.307127997279167
11.684139117598534
11.903311068192124
11.637656513601542
13.523669835180044
11.781947454437613
11.80711267143488
13.280115379020572
11.19110195711255
11.079355664551258
12.028493789955974
11.167125180363655
11.669038442894816
11.490704987198114
11.820414058864117
12.158908704295754
13.02482234314084
11.909692818298936
12.262850573286414
12.382706712931395
12.695930656045675
12.281983505934477
13.087487272918224
12.404883123934269
13.100297560915351
12.175808254629374
12.509028490632772
12.090315941721201
12.899856051430106
11.49015624821186
11.207699686288834
13.37481464445591
12.779355553910136
12.01019642315805
11.462434450164437
