Experiment Results
12.5353200436
16.9282610416
18.8310351372
17.7855448723
16.9744889736
12.4413220882
16.0307769775
17.5984008312
18.6213519573
14.3404400349
13.8764472008
14.0013380051
13.2896361351
17.4513189793
17.5819940567
14.6406061649
14.2063930035
12.8710868359
14.9165079594
14.0961639881
15.7585711479
13.5401651859
14.0898871422
15.1460189819
16.6058371067
13.4499771595
13.1540799141
13.4872179031
14.7284011841
15.2731859684
18.4537110329
15.8321628571
14.6862981319
14.7176921368
14.5839569569
13.6118278503
12.9727189541
14.5599899292
18.383136034
13.8185989857
16.5033330917
13.807060957
12.688991785
13.9301970005
15.8751938343
13.7737360001
14.6985049248
15.4947309494
16.3758161068
15.0669131279
14.8698608875
13.7778589725
14.1770908833
17.7888979912
18.7588820457
15.8408398628
13.7273280621
13.0473971367
15.1094069481
13.4839961529
12.9914739132
14.1249780655
19.4455451965
15.5671169758
14.3649761677
16.5167729855
13.1637279987
16.7204129696
12.6540579796
14.4383010864
18.9438650608
20.5057649612
20.0614259243
16.3832588196
16.8663229942
19.4411270618
14.4463090897
15.8010661602
15.3366999626
16.8616189957
15.1665341854
16.7853980064
18.1629769802
14.4996991158
13.9523530006
13.5697488785
17.9764840603
18.4273281097
14.6668870449
19.4353790283
14.757516861
18.3395512104
14.8496830463
18.7253119946
20.5547971725
14.4366989136
13.3467590809
20.5876719952
16.8981711864
15.3107299805
17.3002099991
21.041408062
19.7245280743
19.578291893
20.1635808945
15.2621479034
18.3248329163
19.2874751091
19.1068971157
13.7747168541
15.2654721737
16.9141299725
16.9494869709
18.7005081177
17.6528718472
13.8695578575
17.6806321144
15.4574530125
14.1533629894
17.6793251038
18.5210268497
16.0459189415
18.3007929325
19.7496809959
17.5376260281
17.6992599964
15.493391037
16.1233398914
19.0962460041
18.4624531269
18.9822649956
13.3119208813
16.5386230946
17.6526248455
15.2221770287
17.6523602009
14.2382390499
15.1601889133
19.1182219982
13.8651690483
17.4643089771
15.2965950966
13.07498312
15.9528858662
18.16573596
17.5957930088
15.0686340332
17.2090361118
17.4183921814
17.9240248203
13.8819100857
14.8926820755
16.4747860432
16.6152949333
19.7240009308
15.4106678963
17.531482935
13.4424219131
19.1120378971
17.327906847
14.7944710255
15.6633908749
20.5057969093
15.0873291492
19.3050339222
19.8966619968
15.0943350792
20.3331489563
15.8423919678
20.3247311115
21.0635409355
18.4702999592
16.9195530415
16.7464859486
15.4529008865
19.4690728188
14.513559103
18.2771399021
20.5220789909
14.406826973
15.9983570576
14.8902790546
17.6178410053
15.3451869488
15.6087310314
17.7854959965
18.1305859089
18.3898119926
14.6678199768
21.2226531506
14.1542260647
17.1746959686
14.1174960136
15.3258509636
22.4388539791
16.6282269955
18.4725949764
20.0041329861
18.5829250813
15.4058289528
16.194257021
23.3917441368
17.961619854
18.2958590984
17.6970148087
16.4413709641
19.1137919426
19.2716009617
17.9492928982
17.6316919327
15.8005228043
19.5626311302
18.5346958637
20.6738979816
19.5464990139
15.2450809479
16.2908029556
16.5946059227
18.6351578236
17.771697998
20.2041881084
17.5576560497
19.6040718555
22.5643539429
22.4136090279
16.108164072
15.8648409843
18.6207530499
19.8520798683
19.4305958748
20.2908830643
14.2085959911
14.8789279461
21.0065979958
20.3329191208
21.2522189617
15.8937511444
16.7000920773
20.8573031425
14.9128758907
21.1253769398
19.2355017662
13.2199380398
14.4462890625
19.5825629234
16.7718100548
16.9690639973
16.6320259571
20.0301420689
17.9792311192
16.17157197
17.7604899406
14.7646780014
18.3260240555
20.1295211315
14.9162991047
14.3874018192
12.7534530163
21.5072920322
15.2823410034
17.425538063
17.5220708847
21.7154560089
15.1676177979
20.6284329891
17.0647671223
15.3704040051
16.9915668964
15.5944039822
19.7060940266
25.1348848343
19.3047430515
18.6705970764
15.0967099667
15.9780950546
20.9344768524
13.7687659264
16.8500418663
18.5221040249
17.1468129158
16.8420760632
17.1708240509
21.9346179962
16.9352769852
15.8009719849
16.6597719193
20.3030800819
18.5712561607
15.3461480141
19.25041008
13.8436961174
16.1335909367
13.5407269001
12.6916310787
19.2525448799
14.4455280304
14.6238610744
18.6790030003
16.7451229095
16.4429700375
16.8767778873
21.9342160225
20.9678969383
20.9914140701
21.7751641273
17.1076798439
22.0288259983
20.9965770245
20.8078458309
14.2462921143
14.3735630512
16.2215399742
17.4672970772
19.155518055
18.4806559086
16.7668018341
15.7820689678
14.8895349503
14.7155470848
17.2926599979
20.3272199631
14.804254055
15.9364731312
14.3733940125
19.2814598083
14.3107209206
12.7253880501
12.6951980591
17.0940139294
18.3798780441
22.890925169
16.6900150776
18.1729738712
17.7006430626
18.4665570259
16.0920240879
16.1499700546
16.2718319893
18.8027539253
12.9178080559
17.9974310398
15.8842821121
17.4785759449
16.9929270744
18.7126641273
16.2855169773
15.8655850887
15.5496809483
19.5445539951
16.2358050346
16.6996450424
16.2805759907
20.6055140495
18.2229058743
16.5568339825
16.7175421715
19.8964569569
13.9757249355
14.6439530849
16.6422901154
17.7767429352
14.5960919857
22.5112240314
15.3868310452
14.4324069023
18.8770749569
15.4849500656
15.381125927
14.0938498974
16.8302249908
20.3326489925
18.4080090523
17.6910829544
16.5329451561
17.7606232166
18.6894729137
13.4209740162
14.9136991501
17.317471981
14.3045191765
15.8639678955
16.2014570236
20.2640051842
15.1823539734
12.8980941772
18.6983249187
15.0024249554
19.6111030579
14.2870409489
22.3294620514
15.2370350361
19.183478117
14.4152441025
15.1050980091
23.3794949055
16.4977841377
16.8673660755
22.5221569538
16.7670462132
14.2371439934
12.3782930374
22.4723720551
18.4741199017
20.5233328342
21.0857350826
13.9165129662
20.0412349701
18.7090299129
19.099296093
18.8198359013
14.360378027
16.3216290474
15.1032540798
19.6524000168
18.4893300533
17.911262989
17.4147369862
13.591750145
15.5768990517
16.3299000263
16.3048491478
15.2728309631
16.131775856
21.1724560261
21.2244551182
14.8286089897
14.9602048397
16.556276083
18.0071790218
14.1861069202
21.7490999699
13.3386330605
16.8726971149
18.5447580814
15.0167269707
15.4787631035
16.246860981
16.1764910221
24.562953949
14.1305508614
19.3168029785
14.6890070438
14.8911828995
15.2753911018
20.035323143
15.8486778736
13.7160859108
18.3108079433
17.8978300095
17.66720891
13.9904658794
14.5040540695
16.9210410118
19.136453867
19.5376219749
14.1806778908
19.4392368793
13.0383200645
16.3775541782
16.2262721062
20.2676460743
15.8698630333
17.6125810146
16.9166641235
15.3393139839
16.4071900845
13.9711828232
20.2462799549
14.4355769157
17.2876479626
25.5500910282
18.6051270962
19.9846229553
17.2701449394
15.0453400612
20.3664429188
17.1533720493
19.4754869938
15.9941902161
15.098459959
15.4752120972
16.836796999
20.5403420925
14.7304508686
15.0378830433
15.2056639194
14.441475153
17.8855650425
18.2931609154
20.2180089951
14.3305439949
22.3123168945
14.1176640987
16.5252320766
24.1530120373
17.2256300449
14.7592258453
21.086359024
20.370005846
15.2519099712
18.592138052
20.4460320473
19.4966089725
21.1037559509
18.7904698849
14.2447619438
20.496213913
19.6341049671
21.8722529411
14.9577279091
15.8980629444
14.4514780045
14.719946146
21.053581953
17.9639918804
16.9806799889
16.2361371517
14.2318511009
18.3244979382
18.6777439117
20.4183351994
15.9290120602
19.8410987854
18.4025330544
17.3186879158
16.5594940186
13.6632268429
20.9192039967
20.311013937
15.8538548946
20.0934090614
13.6049838066
15.3080840111
18.4808359146
15.1430718899
16.0599179268
15.6870510578
15.8718218803
23.7015361786
13.9279470444
15.8906049728
17.9633350372
13.8134670258
13.911465168
19.6777801514
16.0825519562
15.2325768471
17.9581179619
19.8204379082
14.7958040237
14.7731940746
13.1980779171
19.4084541798
21.9306619167
19.3814139366
19.3378229141
18.6796600819
12.2869520187
15.4451229572
19.926584959
22.6439321041
15.6875371933
21.1972842216
18.3946559429
17.902176857
17.523608923
15.5669701099
22.993915081
14.7051279545
22.1250779629
20.2257208824
17.417057991
22.7648160458
19.6683490276
18.4584319592
22.1817369461
15.2152650356
12.7106671333
18.1754488945
16.3928039074
14.0943350792
17.4791388512
21.6793351173
15.7137348652
15.387280941
15.7878749371
14.9981081486
17.191822052
17.1542780399
19.6974890232
13.7990329266
17.279140234
16.673252821
14.2970778942
20.9607799053
15.7396378517
12.6541500092
19.2947449684
17.3465490341
16.9767129421
