Experiment Results
32.8572969437
33.4836530685
32.8517119884
32.8076469898
30.2549159527
30.1660659313
33.0973739624
30.2352039814
32.2457010746
29.8502240181
33.0536580086
31.0324709415
33.162706852
30.9669649601
32.3903670311
30.2524790764
32.1919631958
30.3829469681
33.457242012
29.8495979309
32.2826960087
29.9767010212
33.160020113
30.3120989799
33.2770490646
30.4583389759
33.2259500027
30.2238690853
32.8339509964
30.3815410137
32.5539770126
30.514218092
33.6070230007
30.3647811413
32.8795120716
33.0335168839
29.6378929615
32.5905249119
30.1363568306
32.8568599224
32.6117148399
32.1630249023
32.4540278912
31.9742128849
30.3701369762
32.4668838978
32.6218099594
31.9478800297
32.7389230728
30.36946702
32.4980449677
32.6069748402
33.0141398907
32.642649889
32.6706621647
33.5175030231
32.9755170345
31.4991660118
31.9951450825
31.2772870064
32.5702149868
31.8704259396
32.7970809937
32.1181559563
33.8353879452
32.4874360561
32.7630269527
31.8576998711
32.4507930279
31.8962898254
32.3095579147
31.7336759567
32.3482270241
31.204472065
33.0237951279
32.3451180458
33.1854741573
32.5727009773
32.1376409531
32.3711640835
32.6421329975
33.1613669395
32.6205568314
33.1783771515
32.2310130596
32.4678189754
32.2940080166
33.0525581837
33.031206131
33.6849470139
32.3294999599
32.2788190842
33.1468479633
31.093859911
32.536509037
33.1531231403
31.4624948502
31.7548930645
32.1529970169
32.1436560154
32.5677139759
33.6591911316
32.0997340679
33.0223670006
32.0475070477
33.017166853
32.1177289486
33.0975029469
32.7759928703
32.2307200432
32.9219720364
33.4581549168
31.5573608875
32.3084039688
32.638944149
32.635340929
31.9702019691
33.523113966
32.3528017998
32.7546827793
33.9985458851
32.1377110481
31.7661778927
32.9049339294
33.2754290104
32.1097769737
32.8440377712
32.1776618958
30.6715610027
33.6710488796
32.0979669094
31.7907371521
31.5410900116
32.3279681206
31.4614570141
31.0674338341
31.7909560204
31.4825758934
32.1208238602
32.9713330269
31.9196200371
31.772703886
33.5726151466
32.1620180607
32.6247730255
30.5399889946
30.2120959759
33.0912220478
32.9942951202
32.9567980766
32.5510959625
32.576761961
31.8041169643
29.5432348251
31.6616728306
31.6872289181
33.1980719566
31.9681410789
31.4627349377
32.0375118256
31.5247061253
32.5621747971
32.9600770473
32.3206899166
32.027271986
33.228290081
30.8794260025
31.6015729904
32.7271251678
31.7313950062
31.7059659958
33.1200408936
32.0710818768
32.9362587929
32.2595360279
33.3021349907
32.3627030849
32.2409069538
32.7255740166
32.7827279568
33.0522210598
31.4551541805
32.2364740372
32.5939409733
32.4350059032
33.2158038616
31.7086348534
32.657679081
29.5119512081
32.6736390591
32.6528799534
32.9924070835
32.9093148708
32.0388810635
31.4313161373
30.5078468323
32.5664029121
30.6088621616
32.1579630375
33.8803880215
32.6581220627
32.4424350262
31.8749039173
32.8567829132
33.6730821133
32.8160810471
30.3229589462
32.3127000332
32.3398160934
30.7134668827
32.0874330997
32.8423888683
32.6979908943
31.948829174
32.1374118328
29.334676981
31.2174329758
30.3503189087
31.8307590485
32.4281449318
32.7420990467
34.0553200245
32.8515040874
31.2942290306
31.272701025
32.8051478863
33.0944359303
32.0978479385
32.4009549618
32.6497991085
33.2830789089
30.5634410381
30.5067360401
33.0966150761
31.3264601231
32.1552920341
32.8431930542
32.0588581562
32.1744880676
32.241631031
31.7991099358
33.320472002
31.5000650883
31.2084870338
30.2305731773
31.781388998
30.6419708729
32.8804869652
32.8716800213
32.7214541435
32.2602920532
32.8701729774
31.9083199501
31.0739929676
33.2666449547
31.3923828602
31.2944960594
32.076736927
33.0670239925
31.8395810127
33.110932827
32.2290070057
30.4951999187
33.4135839939
31.095511198
33.5291759968
29.8385648727
31.3836169243
32.9803781509
32.3165199757
32.6328780651
31.9666230679
33.3463099003
33.4780220985
30.8690738678
31.5032298565
32.8293409348
33.1242978573
32.727793932
32.0719239712
32.8890621662
32.774214983
31.3559601307
29.9382789135
31.9522609711
30.8911459446
32.6896820068
31.1819930077
32.4913640022
32.6943838596
32.0992460251
32.0180928707
32.6472570896
33.3816480637
32.2612810135
32.4245119095
32.1021380424
30.6133728027
30.3809809685
29.9050588608
33.1723351479
31.3198900223
32.6196489334
31.7068369389
33.0356001854
31.7107739449
31.4641759396
30.5205330849
32.4221658707
31.6639509201
30.1747860909
32.9631869793
29.5831079483
30.3896279335
32.077091217
32.0786099434
32.5363960266
32.7336530685
32.0156199932
32.0206370354
31.9971270561
33.1963279247
32.6152460575
32.501470089
32.5126340389
32.9970049858
31.2723908424
32.6755189896
31.1507601738
30.9913480282
29.6331689358
30.1120920181
32.0479848385
29.8134450912
31.0650980473
30.7369558811
30.9131798744
29.9553508759
32.0434310436
32.8980848789
33.1716840267
32.0060238838
32.5169358253
31.9654481411
30.9386539459
30.067043066
32.8374199867
29.8020780087
32.9728350639
29.9292697906
31.5692110062
30.9813370705
30.2637159824
32.4320700169
30.2919011116
30.2039680481
30.4460699558
29.8492650986
32.8069710732
30.5047879219
30.7286109924
30.1633350849
31.1533498764
29.4251708984
30.0053369999
32.8615751266
30.5252201557
32.7314150333
32.5890498161
32.3890531063
32.4195139408
30.405766964
29.9077780247
30.1667809486
30.3963530064
32.374658823
29.765681982
30.8491170406
30.4172809124
32.8109910488
30.0626139641
29.4965889454
32.2185161114
30.0061590672
30.0087990761
32.4233748913
30.3759059906
33.3730700016
33.6244239807
33.0330200195
33.5922958851
33.1135787964
33.2197189331
32.4773290157
31.6761269569
30.4454140663
33.1857631207
30.76080513
30.1462450027
31.4850389957
31.3351969719
30.8225739002
31.0282130241
30.9738969803
31.3193750381
31.3015639782
30.4289250374
30.7084012032
33.3679561615
31.468091011
31.1564469337
33.1556358337
32.574023962
32.8177838326
31.7462399006
33.1594948769
32.0092461109
33.261193037
32.19810009
33.2681741714
32.8960869312
33.5405230522
31.8941760063
32.2758610249
31.9556298256
30.3045258522
32.1376559734
31.0821778774
30.6629519463
32.3558020592
30.0804190636
30.3478569984
30.1451020241
32.5375268459
33.2615149021
33.5671520233
33.183204174
33.4568929672
31.4453918934
29.7832510471
30.4141690731
30.4470050335
29.9491968155
33.2606298923
32.1074490547
33.3670010567
33.4356648922
33.2069821358
33.8696000576
32.471724987
30.9482221603
32.5873169899
33.2219049931
31.779736042
32.1532120705
31.6387171745
29.8216061592
30.9598219395
30.4203050137
30.9629540443
31.1607000828
30.766906023
31.2170109749
30.8059659004
32.4543669224
30.2219901085
31.8360009193
32.4101090431
32.3227241039
29.9209461212
32.8683049679
33.1972460747
32.1699001789
33.443903923
32.3507890701
33.1288108826
29.6986989975
31.3961229324
30.77414608
31.2523488998
30.1520500183
32.1417870522
30.2059459686
30.759732008
32.9894809723
32.3695170879
32.2290408611
31.8896958828
31.8938009739
30.2661881447
31.1994349957
30.8166561127
30.2514278889
30.020886898
32.7290520668
30.0816719532
31.6141541004
31.3777289391
30.982904911
32.25436306
32.4726350307
33.9286549091
32.8672528267
31.3276350498
30.3815231323
31.175951004
30.4750101566
31.2067961693
29.6882879734
33.562969923
32.2629680634
32.4425470829
32.8952460289
32.6920938492
32.3961980343
33.6236729622
31.4788610935
33.1312329769
30.0081760883
30.5133988857
29.5573580265
30.9856388569
30.1596488953
31.5283949375
30.9020431042
30.6922168732
30.2387340069
31.0562160015
30.4254179001
30.3012011051
31.8081338406
31.1350989342
31.4067089558
32.3618130684
31.2747130394
30.1524569988
30.7037107944
30.4077730179
29.8127498627
32.2055499554
33.1595580578
31.4843039513
33.523373127
33.4975268841
33.5409600735
32.0446710587
32.0273759365
30.7357540131
33.3580620289
30.938888073
31.9046759605
32.3854839802
32.4426491261
32.4495708942
31.1105790138
30.4546051025
31.9423840046
30.7087099552
30.5825169086
30.1592819691
30.4351079464
30.5638439655
30.2466869354
32.6075730324
32.1518700123
33.4842839241
31.860435009
32.3057160378
31.8500089645
31.0912480354
30.242579937
31.1071679592
29.97082901
32.159981966
29.7878389359
31.5705771446
29.8189241886
31.2340800762
30.0608720779
31.7437870502
32.7032809258
33.0804641247
32.837141037
33.1097559929
32.0074961185
30.6927449703
29.8636929989
33.2095680237
29.7308111191
32.009677887
29.9373779297
33.3571550846
30.0005719662
30.7214820385
30.289334774
31.2031428814
31.9347989559
30.2276630402
31.0312149525
30.5658431053
